0 0.348837 0.348565 0.006056 0.015443
0 0.395712 0.330578 0.006541 0.015807
0 0.297481 0.348928 0.006056 0.015443
0 0.309714 0.348746 0.006541 0.015807
0 0.324855 0.348565 0.006056 0.015443
0 0.336846 0.348383 0.006541 0.015807
0 0.36422 0.348565 0.006056 0.015443
0 0.376453 0.348383 0.006541 0.015807
0 0.39547 0.359829 0.006541 0.015807
0 0.378573 0.391533 0.01078 0.010174
0 0.309835 0.412155 0.006298 0.015807
0 0.289608 0.416152 0.006298 0.01617
0 0.193011 0.409339 0.011265 0.010174
0 0.214208 0.409339 0.011507 0.010174
0 0.347081 0.206214 0.01078 0.009084
0 0.303295 0.477198 0.006298 0.015807
0 0.291424 0.450854 0.006541 0.016897
0 0.303295 0.50536 0.006298 0.015807
0 0.29094 0.534793 0.006541 0.016897
0 0.266897 0.599927 0.01078 0.009811
0 0.267018 0.660974 0.011022 0.009448
0 0.266897 0.681323 0.01078 0.009811
0 0.266776 0.620276 0.011022 0.009448
0 0.267139 0.640988 0.01078 0.009811
0 0.340964 0.670331 0.006056 0.015807
0 0.36319 0.728924 0.010296 0.009084
0 0.63681 0.84811 0.01078 0.009448
0 0.641957 0.722838 0.006298 0.016897
0 0.668544 0.72093 0.011022 0.009448
0 0.502604 0.630723 0.042757 0.064862
0 0.523801 0.580124 0.010538 0.009084
0 0.524406 0.557231 0.011265 0.008721
0 0.450097 0.50972 0.006298 0.015807
0 0.450218 0.480469 0.006541 0.015807
0 0.626999 0.503452 0.010538 0.009084
0 0.681444 0.487191 0.006056 0.01617
0 0.693556 0.487373 0.006298 0.016533
0 0.521863 0.489916 0.040819 0.061228
0 0.521136 0.427598 0.041788 0.061228
0 0.702338 0.325127 0.041061 0.062682
0 0.446705 0.439226 0.005814 0.015443
0 0.536156 0.389717 0.011265 0.009811
0 0.413578 0.344113 0.010538 0.009448
0 0.637839 0.337664 0.006783 0.01617
0 0.675509 0.337664 0.006056 0.01617
0 0.663457 0.337664 0.006904 0.016897
0 0.624576 0.457576 0.041061 0.062682
0 0.656977 0.487555 0.006056 0.01617
0 0.669089 0.487736 0.006298 0.016533
0 0.695918 0.653161 0.010538 0.009448
0 0.665153 0.654887 0.04203 0.062682
0 0.669755 0.840934 0.041788 0.063045
0 0.709847 0.775254 0.011022 0.008721
0 0.625061 0.383085 0.041061 0.062682
0 0.257207 0.409975 0.04421 0.062682
3 0.616764 0.749546 0.021318 0.01508
3 0.243278 0.228379 0.010053 0.03452
3 0.258418 0.228743 0.010053 0.03452
3 0.273801 0.229106 0.010053 0.03452
3 0.202459 0.228743 0.010053 0.03452
3 0.218084 0.229106 0.010053 0.03452
3 0.557292 0.400073 0.018895 0.015262
4 0.378513 0.515534 0.083091 0.178961
4 0.311955 0.758267 0.032098 0.039789
4 0.566437 0.462664 0.039123 0.036156
4 0.570918 0.534975 0.021439 0.059775
4 0.673995 0.419967 0.04954 0.043423
4 0.593205 0.631086 0.034278 0.060865
4 0.651708 0.772257 0.031856 0.038699
2 0.273438 0.273347 0.007389 0.016533
2 0.258297 0.27371 0.007389 0.016533
2 0.416727 0.323674 0.013687 0.01399
2 0.2715 0.454851 0.014172 0.013626
2 0.524164 0.53443 0.013687 0.01399
2 0.496548 0.535156 0.013687 0.01399
2 0.49679 0.557504 0.013687 0.01399
2 0.496548 0.580214 0.013687 0.01399
2 0.660065 0.551145 0.014656 0.014353
2 0.708031 0.721021 0.013445 0.013263
2 0.684169 0.551508 0.013929 0.013626
2 0.700884 0.22629 0.009327 0.020894
1 0.363796 0.257722 0.007631 0.01617
1 0.376211 0.258085 0.006541 0.015443
1 0.309472 0.258085 0.006541 0.015443
1 0.349079 0.258085 0.006541 0.015443
1 0.297299 0.257358 0.007631 0.01617
1 0.336664 0.257722 0.007631 0.01617
1 0.376151 0.303507 0.006904 0.016897
1 0.20258 0.273528 0.006904 0.016897
1 0.217963 0.273892 0.006904 0.016897
1 0.243156 0.273892 0.006904 0.016897
1 0.309896 0.303507 0.006904 0.016897
1 0.336785 0.303507 0.006904 0.016897
1 0.269925 0.31468 0.010296 0.009084
1 0.202398 0.30823 0.006541 0.01617
1 0.217539 0.307504 0.006541 0.01617
1 0.248849 0.315044 0.010296 0.009084
1 0.274709 0.355105 0.006541 0.01508
1 0.258358 0.355105 0.006541 0.01508
1 0.363978 0.30278 0.006541 0.01617
1 0.297238 0.30387 0.006541 0.01617
1 0.324855 0.303507 0.006541 0.01617
1 0.348958 0.303325 0.006783 0.015807
1 0.21445 0.389172 0.011749 0.010174
1 0.193375 0.388808 0.011749 0.010174
1 0.214208 0.430596 0.011265 0.010174
1 0.193375 0.430233 0.011265 0.010174
1 0.413699 0.362827 0.011265 0.009448
1 0.195191 0.509539 0.011265 0.028525
1 0.220627 0.509175 0.011265 0.028525
1 0.291364 0.478107 0.006904 0.01617
1 0.303416 0.534248 0.006541 0.015807
1 0.247638 0.681686 0.011507 0.009811
1 0.247638 0.599927 0.011507 0.009811
1 0.24788 0.660792 0.011507 0.009811
1 0.247638 0.640988 0.011507 0.009811
1 0.24788 0.620458 0.011507 0.009811
1 0.368278 0.669967 0.006904 0.015807
1 0.314014 0.670694 0.006904 0.015807
1 0.354833 0.670331 0.006904 0.015807
1 0.327217 0.699582 0.006904 0.015807
1 0.314014 0.699945 0.006904 0.015807
1 0.327641 0.670331 0.006298 0.015807
1 0.354409 0.700309 0.006541 0.016533
1 0.368096 0.699582 0.006541 0.015807
1 0.344053 0.729469 0.011265 0.010174
1 0.344053 0.770349 0.01078 0.009084
1 0.344295 0.749455 0.01078 0.009084
1 0.393714 0.732286 0.006904 0.016533
1 0.663154 0.307867 0.006541 0.01617
1 0.595022 0.362555 0.007146 0.016897
1 0.61204 0.308594 0.006541 0.01617
1 0.625 0.338209 0.006541 0.01617
1 0.651163 0.30823 0.006541 0.01617
1 0.656977 0.523892 0.006541 0.01617
1 0.629784 0.72302 0.006904 0.015807
1 0.621669 0.766624 0.011265 0.010356
1 0.622032 0.784975 0.011022 0.010719
1 0.633176 0.825309 0.019985 0.015807
1 0.687318 0.721657 0.010053 0.010174
1 0.687076 0.744368 0.010053 0.010174
1 0.675206 0.696493 0.019985 0.01617
1 0.695797 0.670785 0.01078 0.010174
1 0.71336 0.69177 0.006904 0.015443
1 0.713178 0.646348 0.006541 0.015443
1 0.692829 0.52371 0.006783 0.015807
1 0.714208 0.490461 0.010538 0.010356
1 0.71445 0.510629 0.010538 0.010356
1 0.675266 0.308594 0.006541 0.01617
1 0.734738 0.308775 0.006541 0.015807
5 0.194041 0.463844 0.020349 0.015262
5 0.220082 0.463663 0.016957 0.014172
5 0.607922 0.720385 0.009448 0.02907
