1 0.516563 0.93125 0.091875 0.069167
1 0.219688 0.08875 0.091875 0.069167
1 0.512188 0.777917 0.091875 0.065833
1 0.224062 0.932917 0.091875 0.069167
1 0.508437 0.087917 0.091875 0.069167
1 0.225938 0.77875 0.091875 0.069167
1 0.514062 0.279583 0.091875 0.064167
1 0.515312 0.432917 0.091875 0.065833
1 0.510938 0.583333 0.088125 0.063333
1 0.222188 0.437083 0.091875 0.069167
1 0.224688 0.277083 0.091875 0.069167
0 0.800312 0.080417 0.089375 0.059167
0 0.799375 0.272917 0.09 0.059167
0 0.802188 0.4275 0.085625 0.056667
0 0.8025 0.581667 0.08625 0.058333
0 0.802813 0.77375 0.084375 0.059167
0 0.80375 0.92625 0.0875 0.064167
