0 0.180938 0.179583 0.029375 0.0675
0 0.253437 0.18 0.026875 0.063333
0 0.323125 0.180417 0.04 0.085833
0 0.785937 0.25875 0.026875 0.0675
0 0.422812 0.835833 0.025625 0.065
0 0.95125 0.905833 0.05 0.04
1 0.950313 0.825833 0.050625 0.041667
0 0.669375 0.1475 0.20125 0.276667
0 0.464375 0.1525 0.20125 0.276667
0 0.82 0.83 0.20125 0.276667
0 0.57 0.831667 0.20125 0.276667
4 0.324062 0.482917 0.178125 0.1225
4 0.552813 0.44875 0.096875 0.229167
3 0.75375 0.395 0.03875 0.115
1 0.8725 0.634167 0.05 0.043333
