1 0.132812 0.059167 0.069375 0.053333
1 0.135625 0.17625 0.07 0.0525
1 0.130312 0.287083 0.065625 0.0475
1 0.133125 0.432083 0.0675 0.0525
1 0.133437 0.55 0.068125 0.053333
0 0.349062 0.057917 0.065625 0.0475
0 0.349375 0.170417 0.06625 0.045833
0 0.34875 0.285833 0.06625 0.048333
0 0.349062 0.4325 0.065625 0.048333
0 0.350313 0.548333 0.065625 0.05
0 0.6525 0.430833 0.06625 0.05
0 0.963437 0.487917 0.068125 0.0525
1 0.96625 0.605 0.06375 0.053333
0 0.836562 0.605417 0.068125 0.0525
0 0.674063 0.623333 0.071875 0.048333
2 0.85875 0.7925 0.0575 0.125
1 0.379688 0.92375 0.068125 0.050833
1 0.381563 0.76375 0.068125 0.050833
1 0.188125 0.806667 0.04 0.088333
