1 0.711562 0.103333 0.044375 0.036667
1 0.803438 0.104167 0.044375 0.036667
1 0.712187 0.360833 0.044375 0.036667
1 0.804063 0.363333 0.044375 0.036667
1 0.710313 0.018333 0.044375 0.036667
1 0.802188 0.019167 0.044375 0.036667
1 0.712187 0.275 0.044375 0.036667
1 0.804063 0.275833 0.044375 0.036667
1 0.610313 0.52625 0.049375 0.040833
1 0.618125 0.2075 0.0275 0.063333
1 0.485938 0.207917 0.028125 0.060833
1 0.552188 0.21125 0.028125 0.060833
0 0.619375 0.33375 0.02375 0.060833
0 0.805 0.189167 0.04625 0.03
