1 0.169375 0.664167 0.03 0.061667
1 0.190625 0.230833 0.04625 0.036667
1 0.297812 0.490833 0.048125 0.035
1 0.300312 0.2325 0.048125 0.035
1 0.298438 0.328333 0.048125 0.035
1 0.19125 0.3275 0.04625 0.036667
1 0.1675 0.531667 0.03 0.061667
1 0.040625 0.6925 0.04625 0.04
1 0.04125 0.588333 0.04625 0.04
3 0.4425 0.685417 0.1075 0.059167
3 0.44125 0.49375 0.1075 0.059167
3 0.44125 0.329583 0.1075 0.059167
3 0.439375 0.230417 0.1075 0.059167
3 0.4425 0.587083 0.1075 0.059167
2 0.298125 0.684167 0.0475 0.035
2 0.298125 0.5875 0.0475 0.035
0 0.060312 0.836667 0.045625 0.035
0 0.060312 0.914167 0.045625 0.036667
1 0.349687 0.836667 0.049375 0.04
1 0.204687 0.836667 0.049375 0.04
1 0.205313 0.916667 0.049375 0.04
1 0.350313 0.9125 0.049375 0.04
