1 0.193438 0.449583 0.048125 0.0375
1 0.194688 0.027083 0.048125 0.0375
1 0.194062 0.197083 0.048125 0.0375
1 0.19625 0.372917 0.0475 0.0375
1 0.19625 0.122083 0.0475 0.0375
1 0.195 0.27625 0.05 0.040833
1 0.3375 0.450417 0.04625 0.0375
1 0.339375 0.02375 0.04625 0.0375
1 0.3375 0.277083 0.04625 0.0375
1 0.340938 0.37 0.044375 0.036667
1 0.340313 0.1975 0.044375 0.036667
0 0.050313 0.026667 0.044375 0.031667
0 0.049063 0.2775 0.044375 0.031667
0 0.047188 0.450417 0.045625 0.0325
0 0.050313 0.1225 0.044375 0.031667
0 0.049063 0.199583 0.045625 0.0325
0 0.048438 0.373333 0.044375 0.031667
0 0.504687 0.263333 0.025625 0.066667
0 0.10625 0.575 0.0475 0.035
0 0.065312 0.69 0.025625 0.061667
2 0.129688 0.70875 0.038125 0.080833
