1 0.439063 0.326667 0.089375 0.063333
1 0.438437 0.165833 0.089375 0.063333
5 0.585313 0.3275 0.038125 0.111667
5 0.583438 0.161667 0.038125 0.111667
1 0.690625 0.290417 0.0275 0.064167
1 0.69125 0.154583 0.0275 0.064167
0 0.757188 0.154583 0.025625 0.064167
0 0.757812 0.287083 0.028125 0.0675
1 0.822812 0.290417 0.028125 0.064167
1 0.823438 0.154583 0.028125 0.064167
1 0.02125 0.500833 0.03 0.061667
0 0.02 0.627083 0.02625 0.064167
1 0.150625 0.500833 0.03 0.061667
4 0.409375 0.6425 0.315 0.175
0 0.149375 0.627083 0.02625 0.064167
1 0.086875 0.501667 0.03 0.061667
0 0.085 0.62625 0.02625 0.064167
2 0.612812 0.655833 0.041875 0.083333
1 0.92875 0.67125 0.0475 0.039167
1 0.93125 0.567083 0.0475 0.039167
0 0.7675 0.588333 0.21 0.275
0 0.359375 0.779583 0.04625 0.034167
0 0.452188 0.857917 0.045625 0.034167
0 0.539375 0.85875 0.0475 0.0375
0 0.735938 0.77 0.048125 0.035
0 0.75 0.89875 0.0475 0.039167
0 0.626875 0.779167 0.05 0.036667
0 0.949688 0.8175 0.045625 0.035
0 0.950937 0.896667 0.045625 0.035
1 0.359063 0.85625 0.048125 0.0375
1 0.539687 0.779583 0.048125 0.0375
