1 0.355938 0.935 0.060625 0.046667
1 0.523438 0.086667 0.060625 0.046667
1 0.619062 0.086667 0.060625 0.046667
1 0.830937 0.311667 0.060625 0.046667
1 0.420312 0.365 0.060625 0.046667
1 0.432188 0.466667 0.060625 0.046667
1 0.616875 0.345417 0.03625 0.0825
1 0.5575 0.347083 0.03625 0.0825
0 0.67 0.347083 0.03125 0.0775
0 0.4975 0.34625 0.035 0.080833
0 0.829688 0.390833 0.056875 0.045
0 0.432188 0.536667 0.056875 0.041667
0 0.253125 0.960417 0.03375 0.079167
0 0.435 0.962083 0.03375 0.075833
0 0.49375 0.962917 0.03 0.070833
4 0.705937 0.667083 0.291875 0.394167
1 0.949063 0.9675 0.060625 0.045
1 0.950313 0.810833 0.060625 0.045
1 0.950313 0.733333 0.060625 0.045
1 0.951562 0.6625 0.060625 0.045
1 0.949063 0.891667 0.060625 0.045
