0 0.53375 0.315417 0.05 0.100833
0 0.593125 0.333333 0.0225 0.053333
0 0.473125 0.672083 0.05375 0.1075
0 0.814375 0.497083 0.035 0.085833
0 0.944375 0.304167 0.02375 0.055
1 0.858125 0.853333 0.025 0.058333
1 0.819375 0.856667 0.025 0.058333
1 0.77625 0.856667 0.025 0.058333
1 0.7275 0.856667 0.025 0.058333
4 0.74625 0.215833 0.24375 0.26
0 0.303125 0.494167 0.24625 0.338333
1 0.76375 0.436667 0.025 0.058333
0 0.66125 0.633333 0.24625 0.338333
0 0.054375 0.3475 0.04125 0.031667
0 0.118125 0.344167 0.0425 0.028333
1 0.056875 0.465833 0.04375 0.035
1 0.056875 0.405833 0.04375 0.035
