1 0.111562 0.02 0.031875 0.026667
1 0.117188 0.819167 0.031875 0.026667
0 0.111562 0.059583 0.031875 0.024167
1 0.112187 0.095 0.031875 0.026667
1 0.110937 0.1375 0.031875 0.026667
1 0.402187 0.454167 0.031875 0.026667
1 0.042813 0.198333 0.031875 0.026667
1 0.110937 0.196667 0.031875 0.026667
1 0.114062 0.401667 0.031875 0.026667
1 0.112812 0.364167 0.031875 0.026667
0 0.113125 0.320417 0.03125 0.0225
1 0.112187 0.239167 0.031875 0.026667
1 0.113437 0.28 0.031875 0.026667
1 0.045312 0.34 0.031875 0.026667
1 0.045312 0.2775 0.031875 0.026667
0 0.044375 0.820417 0.03125 0.024167
1 0.115312 0.485 0.031875 0.026667
1 0.112812 0.444167 0.031875 0.026667
1 0.042813 0.446667 0.031875 0.026667
0 0.48625 0.91375 0.03125 0.024167
1 0.045312 0.7425 0.031875 0.025
0 0.11625 0.742917 0.03125 0.024167
1 0.115937 0.609167 0.031875 0.026667
1 0.115937 0.673333 0.031875 0.026667
1 0.044062 0.6075 0.031875 0.026667
1 0.042813 0.528333 0.031875 0.026667
1 0.05875 0.389583 0.01875 0.044167
1 0.02875 0.389583 0.01875 0.044167
1 0.045312 0.6925 0.031875 0.025
1 0.114687 0.568333 0.031875 0.026667
0 0.114375 0.527083 0.03125 0.024167
0 0.401875 0.412917 0.03125 0.024167
0 0.40375 0.200417 0.03125 0.024167
0 0.586875 0.13875 0.03125 0.024167
0 0.631875 0.13875 0.03125 0.024167
0 0.48625 0.87625 0.03125 0.024167
0 0.696875 0.419583 0.03125 0.024167
0 0.695625 0.382083 0.03125 0.024167
0 0.709375 0.832917 0.03125 0.024167
0 0.709375 0.797083 0.03125 0.024167
0 0.563438 0.696667 0.016875 0.041667
0 0.534687 0.697917 0.018125 0.0425
0 0.546562 0.26375 0.018125 0.0425
0 0.519062 0.265417 0.018125 0.0425
0 0.645312 0.57125 0.018125 0.0425
0 0.617812 0.572917 0.018125 0.0425
0 0.410625 0.670833 0.03125 0.025
0 0.483438 0.715417 0.046875 0.0375
0 0.48125 0.26375 0.02625 0.064167
0 0.580313 0.07125 0.018125 0.039167
0 0.666875 0.069583 0.02 0.044167
0 0.766875 0.090417 0.02625 0.059167
0 0.71125 0.092083 0.02625 0.059167
1 0.507812 0.57375 0.020625 0.044167
1 0.607187 0.069583 0.020625 0.044167
1 0.636563 0.069583 0.020625 0.044167
1 0.673438 0.694583 0.020625 0.044167
1 0.656563 0.262083 0.020625 0.044167
1 0.600938 0.26375 0.020625 0.044167
1 0.575313 0.262083 0.020625 0.044167
1 0.618437 0.695417 0.020625 0.044167
1 0.76875 0.215833 0.03 0.065
1 0.710625 0.2175 0.03 0.065
1 0.800625 0.072083 0.02 0.044167
1 0.885312 0.942917 0.020625 0.044167
1 0.914687 0.942917 0.020625 0.044167
1 0.591562 0.697083 0.020625 0.044167
0 0.47875 0.49625 0.03125 0.024167
0 0.47875 0.45875 0.03125 0.024167
0 0.47875 0.404583 0.03125 0.024167
0 0.47875 0.367083 0.03125 0.024167
0 0.48625 0.839583 0.03125 0.024167
0 0.485 0.80375 0.03125 0.024167
4 0.5825 0.419167 0.115 0.153333
4 0.595 0.851667 0.115 0.153333
1 0.990313 0.445833 0.018125 0.045
1 0.562813 0.572083 0.020625 0.044167
1 0.590938 0.572083 0.020625 0.044167
1 0.951562 0.942917 0.020625 0.044167
1 0.850938 0.942917 0.020625 0.044167
1 0.816562 0.942917 0.020625 0.044167
2 0.259375 0.969167 0.08875 0.06
