0 0.353125 0.095417 0.04 0.090833
0 0.773125 0.2475 0.025 0.056667
0 0.404375 0.095 0.025 0.056667
0 0.414375 0.356667 0.025 0.056667
0 0.411875 0.4725 0.025 0.056667
0 0.210625 0.348333 0.025 0.056667
0 0.59125 0.799167 0.025 0.056667
0 0.63375 0.795833 0.025 0.056667
0 0.910625 0.2875 0.0425 0.031667
0 0.415625 0.7125 0.0425 0.031667
0 0.54875 0.715833 0.0425 0.031667
0 0.305 0.481667 0.0425 0.031667
0 0.073438 0.328333 0.064375 0.046667
0 0.414375 0.61625 0.0375 0.089167
0 0.840625 0.432917 0.0575 0.1125
0 0.915 0.43375 0.0525 0.104167
0 0.878437 0.0675 0.083125 0.068333
0 0.841875 0.22625 0.05 0.1075
0 0.16125 0.32375 0.03625 0.0875
4 0.619687 0.538333 0.155625 0.258333
4 0.612812 0.140833 0.154375 0.258333
0 0.140625 0.5825 0.25375 0.35
1 0.305 0.424167 0.045 0.035
1 0.3025 0.305833 0.045 0.035
1 0.3025 0.365833 0.045 0.035
1 0.78375 0.4675 0.02625 0.06
1 0.375 0.356667 0.02625 0.06
1 0.69625 0.34 0.025 0.06
1 0.77375 0.336667 0.02625 0.06
