0 0.3575 0.544167 0.03625 0.078333
0 0.360625 0.6725 0.0375 0.075
0 0.36125 0.800417 0.04 0.075833
0 0.362812 0.93125 0.038125 0.080833
0 0.020625 0.5525 0.03625 0.078333
0 0.024688 0.679167 0.041875 0.078333
0 0.025 0.807917 0.04125 0.075833
0 0.026562 0.93625 0.038125 0.080833
0 0.06875 0.55 0.03625 0.078333
0 0.07 0.679583 0.03625 0.0775
0 0.074375 0.805417 0.04125 0.075833
0 0.075313 0.935417 0.038125 0.080833
0 0.116875 0.55 0.03625 0.078333
0 0.119375 0.6775 0.04 0.078333
0 0.121875 0.80625 0.04125 0.075833
0 0.122813 0.934583 0.038125 0.080833
0 0.164375 0.549167 0.03625 0.078333
0 0.168437 0.676667 0.041875 0.078333
0 0.16875 0.804583 0.04125 0.075833
0 0.170937 0.934583 0.038125 0.080833
0 0.211875 0.548333 0.03625 0.078333
0 0.214688 0.675 0.041875 0.078333
0 0.2175 0.80375 0.04125 0.075833
0 0.218438 0.93375 0.038125 0.080833
0 0.260625 0.548333 0.03625 0.078333
0 0.264062 0.675 0.041875 0.078333
0 0.265 0.80375 0.04125 0.075833
0 0.266562 0.932083 0.038125 0.080833
0 0.309375 0.546667 0.03625 0.078333
0 0.312188 0.674167 0.041875 0.078333
0 0.31375 0.802083 0.04125 0.075833
0 0.314063 0.930417 0.038125 0.080833
