0 0.43875 0.04875 0.03125 0.0775
1 0.08875 0.060417 0.0325 0.080833
1 0.096875 0.272083 0.0325 0.080833
1 0.308125 0.05375 0.0325 0.080833
1 0.221875 0.272083 0.0325 0.080833
1 0.2925 0.270417 0.0325 0.080833
1 0.349375 0.272083 0.0325 0.080833
1 0.15625 0.272083 0.0325 0.080833
1 0.650937 0.818333 0.061875 0.043333
1 0.547188 0.086667 0.061875 0.043333
1 0.732812 0.054167 0.061875 0.043333
1 0.548438 0.169167 0.061875 0.043333
1 0.547188 0.26 0.061875 0.043333
1 0.440312 0.261667 0.061875 0.043333
1 0.756563 0.290833 0.061875 0.043333
1 0.757812 0.410833 0.061875 0.043333
1 0.382812 0.441667 0.058125 0.16
1 0.744062 0.5825 0.058125 0.16
1 0.540312 0.420833 0.058125 0.16
1 0.378437 0.5775 0.060625 0.043333
