4 0.606875 0.179167 0.25875 0.346667
0 0.380937 0.359583 0.045625 0.0325
0 0.374063 0.05875 0.045625 0.0325
0 0.375937 0.117917 0.045625 0.0325
0 0.378437 0.302917 0.045625 0.0325
0 0.662813 0.892917 0.038125 0.095833
0 0.598437 0.892917 0.038125 0.095833
1 0.064375 0.752917 0.04625 0.0375
1 0.875 0.85125 0.04625 0.0375
1 0.838125 0.364583 0.04625 0.0375
1 0.8375 0.30875 0.04625 0.0375
1 0.15 0.749583 0.04625 0.0375
0 0.81875 0.175833 0.02625 0.058333
0 0.810625 0.060833 0.02625 0.061667
0 0.93375 0.15125 0.08 0.200833
1 0.875625 0.491667 0.0275 0.061667
1 0.13625 0.29 0.0275 0.061667
1 0.85375 0.06 0.0275 0.061667
1 0.808125 0.495 0.0275 0.061667
5 0.8725 0.709583 0.1225 0.074167
5 0.71 0.622083 0.1225 0.074167
