1 0.580625 0.971667 0.03375 0.025
1 0.404375 0.03 0.03375 0.025
1 0.18875 0.015 0.03375 0.025
1 0.1875 0.081667 0.03375 0.025
1 0.579375 0.878333 0.03375 0.025
1 0.405 0.154167 0.03375 0.025
1 0.405 0.114167 0.03375 0.025
1 0.580625 0.93 0.03375 0.025
0 0.517188 0.932083 0.031875 0.024167
1 0.332188 0.63375 0.020625 0.044167
1 0.300312 0.63375 0.020625 0.044167
1 0.164687 0.960417 0.020625 0.044167
1 0.194062 0.960417 0.020625 0.044167
1 0.139687 0.23375 0.020625 0.044167
1 0.067812 0.962083 0.020625 0.044167
1 0.037187 0.960417 0.020625 0.044167
1 0.103438 0.960417 0.020625 0.044167
1 0.364063 0.63375 0.020625 0.044167
1 0.425938 0.63375 0.020625 0.044167
1 0.140937 0.46625 0.020625 0.044167
0 0.284062 0.174167 0.046875 0.035
0 0.28125 0.34625 0.08875 0.0675
0 0.28 0.252083 0.08875 0.0675
2 0.282187 0.45125 0.090625 0.064167
5 0.139375 0.337917 0.0625 0.055833
