1 0.39625 0.043333 0.03375 0.025
0 0.46125 0.260833 0.025 0.065
1 0.38875 0.097083 0.0175 0.0425
0 0.418125 0.260833 0.025 0.065
0 0.404375 0.71 0.03 0.025
1 0.404375 0.744167 0.03375 0.028333
1 0.395313 0.7975 0.020625 0.045
0 0.464062 0.53875 0.026875 0.065833
0 0.424375 0.602917 0.02625 0.065833
0 0.4 0.359167 0.03 0.025
1 0.4 0.394167 0.03375 0.028333
1 0.393437 0.446667 0.020625 0.045
1 0.675 0.59 0.03375 0.028333
1 0.80875 0.194167 0.03375 0.028333
1 0.741875 0.111667 0.03375 0.028333
1 0.74125 0.154167 0.03375 0.028333
1 0.741875 0.195 0.03375 0.028333
1 0.754375 0.25625 0.03375 0.025833
1 0.754375 0.320833 0.03375 0.028333
1 0.8 0.320833 0.03375 0.028333
1 0.799375 0.257917 0.03375 0.025833
1 0.7975 0.393333 0.03375 0.028333
1 0.799375 0.4525 0.03375 0.028333
1 0.753125 0.450833 0.03375 0.028333
1 0.7075 0.41 0.03375 0.028333
1 0.774375 0.519167 0.03375 0.028333
1 0.783125 0.575 0.03375 0.028333
1 0.7825 0.649167 0.03375 0.028333
1 0.71 0.649167 0.03375 0.028333
1 0.70875 0.688333 0.03375 0.028333
1 0.788125 0.075833 0.03375 0.028333
1 0.8075 0.150833 0.03375 0.028333
1 0.737187 0.9 0.019375 0.043333
1 0.657188 0.806667 0.019375 0.043333
0 0.80375 0.91375 0.01875 0.0425
0 0.776875 0.91375 0.01875 0.0425
1 0.709375 0.74625 0.03 0.0475
0 0.469062 0.9625 0.026875 0.063333
0 0.427812 0.96375 0.026875 0.065833
5 0.679688 0.912917 0.064375 0.055833
0 0.536875 0.70375 0.18625 0.245833
0 0.569375 0.119167 0.18625 0.238333
