1 0.066562 0.877083 0.019375 0.045833
1 0.079687 0.132917 0.030625 0.025833
1 0.059687 0.06375 0.030625 0.025833
1 0.015312 0.02375 0.030625 0.025833
1 0.015312 0.26125 0.030625 0.025833
1 0.214688 0.844583 0.030625 0.025833
1 0.085312 0.187917 0.030625 0.025833
1 0.037812 0.512917 0.019375 0.045833
1 0.076563 0.80875 0.019375 0.045833
0 0.103438 0.52875 0.018125 0.0425
0 0.075938 0.52875 0.018125 0.0425
1 0.085312 0.262917 0.030625 0.025833
1 0.149688 0.847083 0.030625 0.025833
1 0.149062 0.89375 0.030625 0.025833
1 0.215312 0.89375 0.030625 0.025833
