0 0.315937 0.306667 0.059375 0.045
0 0.317812 0.4 0.056875 0.04
0 0.318437 0.528333 0.059375 0.045
0 0.319063 0.6225 0.058125 0.043333
1 0.138437 0.512083 0.095625 0.074167
0 0.125 0.91375 0.03375 0.0725
1 0.480625 0.890417 0.03375 0.084167
1 0.286875 0.92125 0.03375 0.084167
1 0.35 0.917917 0.03375 0.084167
1 0.314063 0.095 0.060625 0.048333
1 0.930937 0.314167 0.060625 0.05
1 0.929688 0.236667 0.060625 0.05
0 0.895625 0.509583 0.03375 0.0825
0 0.970625 0.5475 0.0475 0.118333
0 0.955 0.719583 0.03375 0.079167
0 0.53875 0.90625 0.0325 0.0825
4 0.622812 0.464583 0.345625 0.460833
