0 0.414375 0.119583 0.0275 0.059167
4 0.260313 0.16 0.228125 0.288333
3 0.364063 0.62 0.054375 0.118333
1 0.515938 0.6275 0.045625 0.035
1 0.367812 0.813333 0.045625 0.035
1 0.680312 0.7125 0.045625 0.035
1 0.916562 0.690833 0.045625 0.035
1 0.515938 0.691667 0.045625 0.035
1 0.475313 0.4775 0.028125 0.061667
1 0.575313 0.701667 0.028125 0.061667
1 0.659062 0.8275 0.028125 0.061667
1 0.239687 0.4875 0.028125 0.061667
1 0.332813 0.4825 0.028125 0.061667
1 0.979062 0.8625 0.028125 0.061667
1 0.872812 0.864167 0.028125 0.061667
1 0.925312 0.863333 0.028125 0.061667
1 0.377188 0.4825 0.028125 0.061667
0 0.427187 0.48125 0.025625 0.059167
0 0.195312 0.653333 0.045625 0.035
0 0.194688 0.5975 0.045625 0.035
0 0.12 0.635417 0.02625 0.059167
0 0.155625 0.518333 0.07 0.053333
0 0.765 0.655 0.03875 0.093333
0 0.770938 0.8375 0.038125 0.091667
0 0.856875 0.61625 0.06625 0.0475
0 0.97 0.612083 0.06 0.050833
0 0.289375 0.485417 0.02625 0.0625
0 0.049688 0.1675 0.076875 0.193333
