1 0.445 0.381667 0.02 0.046667
1 0.43 0.036667 0.02 0.046667
1 0.64 0.043333 0.02 0.046667
1 0.621875 0.455 0.03375 0.03
0 0.640625 0.223333 0.02 0.043333
0 0.64125 0.165 0.02 0.043333
4 0.533438 0.122917 0.143125 0.185833
1 0.64125 0.103333 0.02 0.046667
1 0.41375 0.383333 0.02 0.046667
1 0.638125 0.2975 0.02 0.046667
1 0.6375 0.375833 0.02 0.046667
1 0.584375 0.655833 0.02 0.046667
1 0.480625 0.381667 0.02 0.046667
0 0.789062 0.958333 0.030625 0.023333
1 0.609375 0.299167 0.02 0.046667
1 0.59625 0.375833 0.02 0.046667
1 0.51375 0.656667 0.02 0.046667
1 0.488125 0.6575 0.02 0.046667
1 0.54875 0.655833 0.02 0.046667
0 0.579375 0.297083 0.01875 0.0425
0 0.414375 0.474583 0.01875 0.0425
0 0.414375 0.542917 0.01875 0.0425
1 0.725625 0.035 0.03375 0.03
0 0.720625 0.079583 0.045 0.0375
1 0.516875 0.3 0.02 0.046667
1 0.445 0.3 0.02 0.046667
1 0.41375 0.3 0.02 0.046667
1 0.480625 0.298333 0.02 0.046667
1 0.48375 0.762917 0.0325 0.0275
1 0.48375 0.72125 0.0325 0.0275
0 0.616875 0.532917 0.01875 0.0425
0 0.500625 0.85875 0.01875 0.0425
0 0.788438 0.92 0.030625 0.023333
0 0.788438 0.77 0.030625 0.023333
0 0.787813 0.731667 0.030625 0.023333
1 0.4675 0.879583 0.02625 0.0625
4 0.514062 0.510417 0.083125 0.115833
4 0.64 0.859583 0.16875 0.2225
0 0.8725 0.5275 0.18625 0.243333
