4 0.260625 0.153333 0.22 0.285
0 0.200313 0.438333 0.025625 0.056667
0 0.065 0.102083 0.0225 0.054167
0 0.069375 0.43875 0.0225 0.054167
0 0.8975 0.212083 0.0425 0.0325
0 0.079375 0.54625 0.0425 0.0325
0 0.149375 0.542917 0.0425 0.0325
0 0.269688 0.472083 0.034375 0.085833
0 0.354375 0.469583 0.03625 0.0875
0 0.923125 0.56375 0.0675 0.045833
0 0.920937 0.68875 0.134375 0.095833
0 0.249062 0.970833 0.041875 0.03
0 0.249688 0.914167 0.041875 0.03
0 0.921562 0.832917 0.134375 0.099167
0 0.018437 0.735833 0.024375 0.056667
1 0.77125 0.41875 0.0475 0.0375
1 0.0625 0.17875 0.0475 0.0375
1 0.0625 0.242917 0.0475 0.0375
1 0.46375 0.240417 0.0475 0.0375
1 0.463125 0.117917 0.0475 0.0375
1 0.463125 0.057083 0.0475 0.0375
1 0.464375 0.304583 0.0475 0.0375
1 0.771875 0.317083 0.0475 0.0375
1 0.06375 0.73375 0.03 0.065833
1 0.1125 0.437917 0.03 0.065833
1 0.40875 0.440417 0.02625 0.065833
1 0.357187 0.6625 0.041875 0.093333
1 0.271562 0.665 0.041875 0.093333
1 0.701875 0.65125 0.03 0.065833
1 0.1875 0.732083 0.03 0.065833
1 0.101875 0.732917 0.03 0.065833
5 0.704063 0.81625 0.091875 0.069167
1 0.699688 0.032917 0.070625 0.054167
1 0.154375 0.43875 0.03 0.065833
