0 0.373437 0.14625 0.040625 0.095833
0 0.373437 0.251667 0.044375 0.031667
0 0.51875 0.254167 0.0475 0.031667
0 0.566562 0.341667 0.025625 0.061667
0 0.611563 0.342917 0.025625 0.059167
0 0.095 0.632917 0.06875 0.0475
1 0.43 0.860833 0.04625 0.035
1 0.645 0.759167 0.03 0.061667
1 0.04875 0.883333 0.03 0.061667
1 0.10125 0.88 0.03 0.061667
1 0.165625 0.869167 0.03 0.061667
1 0.31 0.87 0.03 0.061667
1 0.039375 0.710833 0.04625 0.035
1 0.35 0.870833 0.03 0.061667
3 0.5425 0.83625 0.1225 0.080833
0 0.893437 0.48875 0.190625 0.404167
