1 0.856563 0.350833 0.045625 0.035
1 0.182812 0.728333 0.045625 0.035
1 0.68375 0.739167 0.0475 0.063333
1 0.225938 0.913333 0.028125 0.063333
1 0.680312 0.8875 0.028125 0.063333
1 0.849063 0.880833 0.028125 0.063333
1 0.890312 0.88 0.028125 0.063333
1 0.934063 0.879167 0.028125 0.063333
1 0.979688 0.7075 0.028125 0.063333
1 0.932187 0.71 0.028125 0.063333
1 0.802188 0.729167 0.028125 0.063333
1 0.842812 0.494167 0.028125 0.063333
0 0.45125 0.896667 0.0275 0.058333
0 0.495312 0.895833 0.024375 0.056667
3 0.134375 0.819583 0.09625 0.0825
