2 0.714375 0.538333 0.2675 0.343333
4 0.385625 0.6275 0.20375 0.263333
0 0.194062 0.63375 0.071875 0.175833
0 0.289062 0.95 0.065625 0.046667
1 0.212812 0.151667 0.065625 0.051667
0 0.8075 0.279167 0.02375 0.055
0 0.0875 0.549167 0.02625 0.06
0 0.095625 0.653333 0.025 0.053333
0 0.205625 0.42 0.02375 0.053333
0 0.484375 0.411667 0.02625 0.056667
0 0.523125 0.470833 0.02625 0.06
0 0.525625 0.588333 0.02625 0.06
0 0.41 0.919167 0.02375 0.055
0 0.535 0.915833 0.025 0.055
0 0.721875 0.140833 0.02625 0.056667
0 0.7625 0.281667 0.025 0.056667
0 0.77125 0.165417 0.0325 0.0825
0 0.949688 0.31 0.061875 0.046667
0 0.0375 0.420833 0.0425 0.031667
0 0.331875 0.074167 0.0425 0.031667
0 0.333125 0.16 0.0425 0.031667
0 0.335625 0.223333 0.0425 0.031667
1 0.1125 0.824167 0.04375 0.033333
1 0.038125 0.368333 0.04375 0.033333
1 0.11125 0.774167 0.04375 0.033333
1 0.314375 0.425833 0.02625 0.06
1 0.08625 0.943333 0.02625 0.06
1 0.145625 0.941667 0.02625 0.06
1 0.368125 0.92 0.02625 0.06
1 0.128125 0.548333 0.02625 0.06
1 0.4925 0.916667 0.02625 0.06
1 0.580625 0.913333 0.02625 0.06
1 0.44625 0.404167 0.02625 0.06
1 0.356875 0.4225 0.02625 0.06
1 0.45125 0.916667 0.02625 0.06
