2 0.143125 0.695833 0.28625 0.265
2 0.143125 0.34 0.28625 0.265
0 0.583125 0.186667 0.0275 0.065
0 0.62375 0.122917 0.0275 0.064167
0 0.580625 0.890833 0.0275 0.065
0 0.621875 0.90625 0.0275 0.064167
0 0.728437 0.79875 0.181875 0.240833
0 0.702812 0.267917 0.181875 0.240833
0 0.580625 0.55 0.0275 0.065
0 0.623125 0.550417 0.0275 0.064167
1 0.865938 0.282083 0.031875 0.025833
1 0.912188 0.044583 0.031875 0.025833
1 0.957187 0.047917 0.031875 0.025833
1 0.933438 0.11375 0.031875 0.025833
1 0.940312 0.170417 0.031875 0.025833
1 0.937813 0.24375 0.031875 0.025833
1 0.867812 0.242917 0.031875 0.025833
1 0.832812 0.182917 0.031875 0.025833
1 0.865313 0.33875 0.030625 0.0425
1 0.831562 0.607083 0.019375 0.0425
1 0.811562 0.397083 0.019375 0.0425
1 0.920312 0.857917 0.019375 0.0425
0 0.930625 0.509583 0.01625 0.040833
0 0.959375 0.510833 0.0175 0.04
5 0.834375 0.505 0.06375 0.053333
1 0.891563 0.494583 0.019375 0.0425
1 0.929688 0.790417 0.019375 0.0425
1 0.960313 0.790417 0.019375 0.0425
