1 0.208125 0.587083 0.03375 0.024167
1 0.275625 0.024583 0.03375 0.024167
1 0.273125 0.129583 0.03375 0.024167
1 0.34375 0.084583 0.03375 0.024167
1 0.34375 0.045417 0.03375 0.024167
1 0.63375 0.13625 0.03375 0.024167
1 0.34375 0.127083 0.03375 0.024167
1 0.34625 0.292083 0.03375 0.024167
1 0.345625 0.250417 0.03375 0.024167
1 0.374375 0.987917 0.03375 0.024167
1 0.375 0.94625 0.03375 0.024167
1 0.205625 0.42875 0.03375 0.024167
1 0.205625 0.37625 0.03375 0.024167
1 0.20625 0.50625 0.03375 0.024167
1 0.348125 0.502083 0.03375 0.024167
1 0.34625 0.35625 0.03375 0.024167
1 0.274375 0.29125 0.03375 0.024167
1 0.273125 0.212083 0.03375 0.024167
1 0.204375 0.212083 0.03375 0.024167
1 0.275 0.427917 0.03375 0.024167
1 0.275625 0.375417 0.03375 0.024167
1 0.319688 0.849167 0.019375 0.045
1 0.285313 0.848333 0.019375 0.045
1 0.289687 0.073333 0.019375 0.045
1 0.259688 0.073333 0.019375 0.045
1 0.821562 0.254167 0.019375 0.045
1 0.792188 0.254167 0.019375 0.045
1 0.849063 0.3775 0.019375 0.045
1 0.822187 0.3775 0.019375 0.045
1 0.833438 0.684167 0.019375 0.045
1 0.805312 0.686667 0.019375 0.045
1 0.742812 0.8825 0.019375 0.045
1 0.737812 0.255 0.019375 0.045
1 0.712812 0.883333 0.019375 0.045
1 0.865938 0.816667 0.019375 0.045
1 0.752188 0.686667 0.019375 0.045
1 0.903438 0.375833 0.019375 0.045
1 0.21 0.967083 0.03375 0.024167
1 0.210625 0.927083 0.03375 0.024167
1 0.345625 0.16875 0.03375 0.024167
0 0.491563 0.920833 0.044375 0.035
0 0.490625 0.750417 0.08875 0.069167
0 0.49125 0.844583 0.08875 0.069167
0 0.93875 0.514167 0.03 0.023333
0 0.34625 0.425833 0.03 0.023333
0 0.275625 0.504167 0.03 0.023333
0 0.632812 0.095417 0.031875 0.024167
0 0.93875 0.4775 0.03 0.023333
0 0.70875 0.086667 0.03 0.023333
0 0.70875 0.049167 0.03 0.023333
0 0.709375 0.1775 0.03 0.023333
0 0.709375 0.140833 0.03 0.023333
0 0.925 0.1025 0.03 0.023333
0 0.924375 0.065833 0.03 0.023333
0 0.71625 0.521667 0.03 0.023333
0 0.715625 0.485 0.03 0.023333
0 0.716875 0.595 0.03 0.023333
0 0.71625 0.5575 0.03 0.023333
0 0.345938 0.210833 0.030625 0.023333
0 0.875625 0.254167 0.0175 0.04
0 0.848125 0.254167 0.0175 0.04
0 0.889375 0.684167 0.0175 0.04
0 0.861875 0.685 0.0175 0.04
0 0.794375 0.3775 0.0175 0.04
0 0.76625 0.378333 0.0175 0.04
0 0.642813 0.352917 0.031875 0.025833
0 0.715625 0.396667 0.04625 0.036667
4 0.811562 0.10125 0.115625 0.149167
5 0.319063 0.716667 0.061875 0.053333
4 0.827187 0.534583 0.115625 0.149167
2 0.49125 0.65 0.08875 0.061667
