0 0.30875 0.905833 0.0375 0.08
0 0.020625 0.91 0.04125 0.08
0 0.115937 0.910833 0.039375 0.08
0 0.164375 0.910833 0.0375 0.08
0 0.211875 0.909167 0.0375 0.08
0 0.25875 0.9075 0.0375 0.08
0 0.30375 0.520833 0.0375 0.08
0 0.061875 0.525 0.04125 0.08
0 0.10875 0.523333 0.0375 0.08
0 0.1575 0.520833 0.0375 0.08
0 0.205 0.521667 0.0375 0.08
0 0.25375 0.521667 0.0375 0.08
0 0.304375 0.65 0.0375 0.08
0 0.06375 0.653333 0.04125 0.08
0 0.11125 0.651667 0.0375 0.08
0 0.15875 0.6525 0.0375 0.08
0 0.206875 0.6525 0.0375 0.08
0 0.255625 0.650833 0.0375 0.08
0 0.305625 0.779167 0.0375 0.08
0 0.065625 0.783333 0.04125 0.08
0 0.113125 0.781667 0.0375 0.08
0 0.160625 0.780833 0.0375 0.08
0 0.208125 0.780833 0.0375 0.08
0 0.256875 0.78 0.0375 0.08
0 0.06875 0.910833 0.04125 0.08
