4 0.445312 0.5675 0.224375 0.351667
0 0.227813 0.150417 0.070625 0.0475
0 0.37375 0.319167 0.045 0.036667
0 0.065625 0.381667 0.04625 0.036667
0 0.035 0.46875 0.02625 0.059167
0 0.216562 0.69 0.070625 0.055
0 0.096875 0.820833 0.02625 0.061667
0 0.0975 0.912917 0.0275 0.0625
1 0.085 0.466667 0.03 0.065
1 0.0975 0.728333 0.03 0.065
1 0.094375 0.636667 0.03 0.065
1 0.243125 0.079583 0.05375 0.039167
1 0.764375 0.802083 0.03375 0.0675
1 0.22875 0.620417 0.05375 0.039167
1 0.75 0.302917 0.03375 0.0675
