0 0.06 0.319167 0.03625 0.076667
0 0.034375 0.058333 0.06 0.056667
0 0.23625 0.980833 0.03125 0.025
0 0.059375 0.215 0.03125 0.025
0 0.235 0.945833 0.03125 0.025
0 0.190625 0.174167 0.03125 0.025
0 0.19125 0.1375 0.03125 0.025
0 0.17125 0.315833 0.03125 0.025
0 0.17125 0.278333 0.03125 0.025
0 0.211875 0.478333 0.03125 0.025
0 0.21125 0.44 0.03125 0.025
0 0.23125 0.695833 0.03125 0.025
0 0.23125 0.658333 0.03125 0.025
0 0.2325 0.791667 0.03125 0.025
0 0.2325 0.755 0.03125 0.025
0 0.234375 0.885833 0.03125 0.025
0 0.23375 0.848333 0.03125 0.025
