1 0.7875 0.187917 0.04875 0.034167
1 0.6775 0.08625 0.04875 0.034167
1 0.57 0.414583 0.04875 0.034167
1 0.786875 0.41375 0.04875 0.034167
1 0.7875 0.027917 0.04875 0.034167
1 0.78875 0.09125 0.04875 0.034167
1 0.678125 0.217083 0.04875 0.034167
1 0.676875 0.29375 0.04875 0.034167
1 0.5725 0.217083 0.04875 0.034167
1 0.57 0.295417 0.04875 0.034167
1 0.57125 0.54125 0.04875 0.034167
1 0.737812 0.9425 0.026875 0.058333
1 0.684688 0.9425 0.026875 0.058333
0 0.676875 0.41625 0.04 0.030833
0 0.78625 0.295417 0.0425 0.034167
5 0.739062 0.74125 0.091875 0.079167
