1 0.503437 0.540833 0.031875 0.026667
1 0.465938 0.191667 0.031875 0.026667
1 0.466562 0.234167 0.031875 0.026667
1 0.772813 0.463333 0.031875 0.026667
1 0.597812 0.540833 0.031875 0.026667
1 0.642188 0.54 0.031875 0.026667
1 0.687187 0.54 0.031875 0.026667
1 0.552188 0.540833 0.031875 0.026667
1 0.783438 0.517917 0.018125 0.044167
1 0.469687 0.127083 0.019375 0.044167
1 0.495937 0.127083 0.019375 0.044167
1 0.530312 0.12625 0.019375 0.044167
1 0.565312 0.12625 0.018125 0.044167
1 0.754687 0.52125 0.018125 0.0475
0 0.444063 0.81 0.018125 0.041667
0 0.484063 0.33 0.018125 0.041667
0 0.728437 0.52 0.018125 0.041667
0 0.416563 0.811667 0.018125 0.041667
1 0.450313 0.350833 0.028125 0.065
0 0.503437 0.505417 0.033125 0.025833
0 0.769687 0.2025 0.029375 0.023333
0 0.770625 0.239583 0.03125 0.024167
0 0.771875 0.390417 0.03125 0.024167
0 0.7725 0.42625 0.03125 0.024167
0 0.687187 0.50125 0.031875 0.024167
0 0.641875 0.502083 0.03125 0.024167
0 0.595938 0.50375 0.031875 0.024167
0 0.551562 0.50375 0.033125 0.024167
0 0.857187 0.774583 0.180625 0.245833
4 0.624062 0.3275 0.170625 0.225
