0 0.0875 0.039583 0.02625 0.059167
0 0.05125 0.516667 0.0275 0.061667
1 0.7625 0.78 0.05 0.04
0 0.764062 0.835 0.044375 0.036667
0 0.790937 0.480833 0.040625 0.1
0 0.853437 0.479583 0.039375 0.0975
0 0.924687 0.4275 0.044375 0.036667
0 0.319063 0.8225 0.048125 0.036667
0 0.320937 0.880833 0.048125 0.036667
0 0.418125 0.497083 0.2875 0.374167
1 0.773125 0.701667 0.03 0.065
1 0.040625 0.156667 0.03 0.065
1 0.085 0.1525 0.03 0.065
1 0.08375 0.274167 0.03 0.065
1 0.021875 0.274167 0.03 0.065
1 0.060625 0.396667 0.05 0.04
1 0.758125 0.249167 0.05 0.04
0 0.757188 0.305833 0.044375 0.036667
1 0.76625 0.169167 0.03 0.065
