0 0.8275 0.952917 0.05625 0.094167
0 0.75375 0.951667 0.05625 0.096667
0 0.234375 0.949583 0.05625 0.100833
0 0.16 0.950417 0.05625 0.099167
0 0.381875 0.950417 0.05625 0.099167
0 0.30875 0.948333 0.05625 0.103333
0 0.530625 0.950417 0.05625 0.099167
0 0.45625 0.949167 0.05625 0.101667
0 0.678125 0.950833 0.05625 0.098333
0 0.604375 0.951667 0.05625 0.096667
0 0.8275 0.76125 0.05625 0.1125
0 0.75375 0.76375 0.05625 0.1125
0 0.234375 0.755417 0.05625 0.1125
0 0.160625 0.75625 0.05625 0.1125
0 0.38375 0.75875 0.05625 0.1125
0 0.308125 0.75875 0.05625 0.1125
0 0.53 0.757917 0.05625 0.1125
0 0.45625 0.75875 0.05625 0.1125
0 0.678125 0.760417 0.05625 0.1125
0 0.604375 0.76125 0.05625 0.1125
