1 0.205 0.039583 0.03375 0.025833
1 0.1375 0.04125 0.03375 0.025833
3 0.540937 0.3325 0.060625 0.056667
1 0.4 0.703333 0.02 0.043333
1 0.358125 0.135833 0.02 0.043333
1 0.385625 0.136667 0.02 0.043333
1 0.44125 0.135 0.02 0.043333
1 0.979375 0.2925 0.02 0.043333
1 0.8975 0.393333 0.02 0.043333
1 0.59875 0.398333 0.02 0.043333
1 0.380625 0.595833 0.02 0.043333
1 0.275625 0.599167 0.02 0.043333
1 0.276875 0.700833 0.02 0.043333
1 0.30625 0.700833 0.02 0.043333
1 0.338125 0.700833 0.02 0.043333
1 0.371875 0.703333 0.02 0.043333
0 0.444063 0.59625 0.018125 0.0425
0 0.747188 0.392917 0.018125 0.0425
0 0.776563 0.392917 0.018125 0.0425
1 0.44375 0.699583 0.03375 0.025833
1 0.411875 0.852083 0.03375 0.025833
1 0.54375 0.97125 0.03375 0.025833
1 0.596875 0.774583 0.03375 0.025833
1 0.5975 0.717917 0.03375 0.025833
1 0.586875 0.60125 0.03375 0.025833
1 0.49625 0.61625 0.03375 0.025833
1 0.495625 0.65625 0.03375 0.025833
1 0.495625 0.699583 0.03375 0.025833
1 0.415312 0.78875 0.031875 0.0825
1 0.056875 0.027083 0.02 0.045833
1 0.589688 0.85875 0.031875 0.0825
1 0.491563 0.777917 0.031875 0.0825
1 0.900625 0.295833 0.03375 0.045
0 0.188125 0.832083 0.05625 0.050833
0 0.145313 0.894583 0.019375 0.0425
