0 0.148438 0.185 0.065625 0.045
0 0.042813 0.1875 0.063125 0.043333
1 0.05875 0.411667 0.02625 0.061667
1 0.65125 0.304167 0.02625 0.061667
1 0.38375 0.401667 0.02625 0.061667
1 0.345 0.406667 0.02625 0.061667
1 0.213125 0.400833 0.02875 0.061667
1 0.15375 0.411667 0.02625 0.061667
1 0.10625 0.411667 0.02625 0.061667
1 0.455625 0.395833 0.04375 0.033333
1 0.09875 0.258333 0.04375 0.033333
3 0.557813 0.37 0.113125 0.063333
1 0.9475 0.981667 0.0425 0.035
1 0.94625 0.866667 0.0425 0.035
1 0.94625 0.923333 0.0425 0.035
