0 0.170625 0.119167 0.03 0.026667
0 0.171563 0.171667 0.046875 0.035
0 0.1475 0.540417 0.06125 0.0575
0 0.414687 0.924167 0.031875 0.025
0 0.279062 0.796667 0.031875 0.025
0 0.415938 0.840833 0.031875 0.025
1 0.414062 0.96375 0.031875 0.0275
1 0.197813 0.864583 0.031875 0.0275
1 0.196563 0.929583 0.031875 0.0275
1 0.415312 0.882083 0.031875 0.0275
4 0.30375 0.9025 0.1 0.133333
1 0.053437 0.215833 0.021875 0.046667
1 0.149688 0.678333 0.048125 0.04
2 0.295 0.629167 0.18875 0.245
0 0.116562 0.359167 0.186875 0.25
0 0.301563 0.213333 0.186875 0.25
