1 0.78625 0.834583 0.03625 0.0825
1 0.495625 0.297917 0.03625 0.0825
1 0.040938 0.255 0.061875 0.045
1 0.679688 0.755833 0.061875 0.045
1 0.679688 0.843333 0.061875 0.045
1 0.682187 0.9325 0.061875 0.045
1 0.877188 0.261667 0.061875 0.045
1 0.960938 0.075833 0.061875 0.045
1 0.270937 0.330833 0.061875 0.045
1 0.040938 0.334167 0.061875 0.045
1 0.040938 0.334167 0.061875 0.045
0 0.835 0.450417 0.03125 0.0825
0 0.757812 0.445417 0.055625 0.1275
0 0.574688 0.269167 0.055625 0.043333
0 0.428125 0.30125 0.035 0.079167
0 0.470938 0.777917 0.051875 0.120833
0 0.54375 0.817917 0.035 0.0775
0 0.338125 0.783333 0.09 0.063333
0 0.13 0.735417 0.035 0.0775
0 0.065 0.739583 0.0325 0.079167
0 0.0775 0.565833 0.04625 0.113333
0 0.845625 0.832917 0.03125 0.079167
