0 0.699063 0.123333 0.031875 0.023333
0 0.654062 0.123333 0.031875 0.023333
0 0.948438 0.355417 0.039375 0.080833
0 0.914062 0.84375 0.030625 0.025833
0 0.630938 0.935417 0.031875 0.025833
1 0.490625 0.990417 0.0325 0.020833
1 0.63125 0.970417 0.0325 0.025833
1 0.629375 0.894583 0.0325 0.025833
1 0.62875 0.822083 0.0325 0.025833
1 0.489375 0.90875 0.0325 0.025833
1 0.49 0.94875 0.0325 0.025833
0 0.854375 0.21625 0.1825 0.240833
1 0.655 0.20875 0.0325 0.0275
1 0.60625 0.16625 0.0325 0.0275
1 0.655 0.16625 0.0325 0.0275
