0 0.071039 0.134629 0.011991 0.011628
0 0.174479 0.134811 0.011991 0.011628
0 0.192406 0.134993 0.011991 0.011628
0 0.045724 0.133721 0.011991 0.011628
0 0.011325 0.134084 0.011991 0.011628
0 0.02804 0.133903 0.011991 0.011628
0 0.15728 0.134811 0.011991 0.011628
0 0.12288 0.135174 0.011991 0.011628
0 0.139838 0.134993 0.011991 0.011628
0 0.090661 0.134266 0.011991 0.011628
1 0.058806 0.135719 0.006177 0.005814
1 0.107255 0.135174 0.009084 0.008721
0 0.952398 0.473656 0.007994 0.017442
0 0.206759 0.480015 0.007994 0.017442
0 0.206759 0.507449 0.007994 0.017442
0 0.20688 0.534702 0.007994 0.017442
0 0.942951 0.473474 0.007994 0.017442
0 0.197674 0.480378 0.007994 0.017442
0 0.197553 0.507449 0.007994 0.017442
0 0.197796 0.535247 0.007994 0.017442
0 0.879603 0.474201 0.007994 0.017442
0 0.133115 0.480378 0.007994 0.017442
0 0.133236 0.508176 0.007994 0.017442
0 0.133236 0.53561 0.007994 0.017442
0 0.87064 0.474564 0.007994 0.017442
0 0.12391 0.480196 0.007994 0.017442
0 0.124031 0.507994 0.007994 0.017442
0 0.124152 0.535429 0.007994 0.017442
0 0.897892 0.474382 0.007994 0.017442
0 0.151405 0.479833 0.007994 0.017442
0 0.151526 0.507631 0.007994 0.017442
0 0.151768 0.535065 0.007994 0.017442
0 0.888808 0.474382 0.007994 0.017442
0 0.1422 0.479651 0.007994 0.017442
0 0.142684 0.507449 0.007994 0.017442
0 0.142442 0.534884 0.007994 0.017442
0 0.916061 0.473837 0.007994 0.017442
0 0.169937 0.480015 0.007994 0.017442
0 0.170058 0.507812 0.007994 0.017442
0 0.1703 0.535429 0.007994 0.017442
0 0.906856 0.473837 0.007994 0.017442
0 0.160732 0.48056 0.007994 0.017442
0 0.160853 0.507812 0.007994 0.017442
0 0.160974 0.535429 0.007994 0.017442
0 0.933987 0.474019 0.007994 0.017442
0 0.188348 0.479833 0.007994 0.017442
0 0.188469 0.507267 0.007994 0.017442
0 0.18859 0.534884 0.007994 0.017442
0 0.925145 0.473837 0.007994 0.017442
0 0.179142 0.479651 0.007994 0.017442
0 0.179142 0.507631 0.007994 0.017442
0 0.179506 0.534884 0.007994 0.017442
0 0.039244 0.836028 0.007025 0.006359
0 0.210635 0.907885 0.011628 0.012355
0 0.176478 0.907885 0.011628 0.012355
0 0.023256 0.909339 0.011628 0.012355
0 0.006541 0.909339 0.011628 0.012355
0 0.057292 0.909157 0.011628 0.012355
0 0.040577 0.909339 0.011628 0.012355
0 0.091691 0.909157 0.011628 0.012355
0 0.074734 0.908794 0.011628 0.012355
0 0.159399 0.908067 0.011628 0.012355
0 0.142321 0.90843 0.011628 0.012355
0 0.193314 0.907522 0.011628 0.012355
0 0.108527 0.908521 0.00969 0.008539
0 0.424419 0.128725 0.006056 0.005269
0 0.434109 0.128361 0.005814 0.005632
0 0.487282 0.085392 0.011143 0.011991
0 0.489462 0.205305 0.007994 0.017442
0 0.48056 0.258267 0.008115 0.017987
0 0.619125 0.232831 0.03452 0.052507
0 0.433866 0.208212 0.005814 0.005814
0 0.425388 0.208303 0.005814 0.004906
0 0.473595 0.363463 0.006298 0.005632
0 0.475048 0.412155 0.005814 0.005632
0 0.489704 0.426326 0.005087 0.013626
0 0.488978 0.467569 0.005329 0.005269
0 0.489159 0.475382 0.005693 0.005632
0 0.474564 0.457576 0.006056 0.005632
0 0.419574 0.381632 0.006298 0.005632
0 0.419695 0.437773 0.005572 0.005632
0 0.419937 0.481831 0.006541 0.005814
0 0.476139 0.512718 0.006056 0.005814
0 0.489947 0.541152 0.005329 0.005269
0 0.490128 0.548964 0.005693 0.005632
0 0.489886 0.522257 0.009084 0.008539
0 0.488978 0.447947 0.005329 0.005269
0 0.489159 0.455759 0.005693 0.005632
0 0.490189 0.556777 0.006056 0.005632
0 0.419816 0.52798 0.005572 0.005087
0 0.406311 0.544876 0.006177 0.005814
0 0.490068 0.56468 0.005814 0.005814
0 0.44725 0.59702 0.017563 0.014172
0 0.447372 0.617188 0.017563 0.014535
0 0.447129 0.633993 0.009084 0.008539
0 0.425024 0.657068 0.005814 0.005269
0 0.425024 0.675055 0.005329 0.005632
0 0.462209 0.678507 0.005572 0.005269
0 0.620579 0.80932 0.034278 0.051054
0 0.489704 0.810774 0.005814 0.005632
0 0.493156 0.722202 0.011022 0.010901
0 0.493338 0.739099 0.011143 0.010538
2 0.447372 0.576399 0.018047 0.014353
0 0.639535 0.132177 0.011386 0.012173
0 0.674479 0.131904 0.011991 0.010901
0 0.698765 0.131904 0.01187 0.010901
0 0.721899 0.132086 0.01187 0.011991
0 0.590964 0.221203 0.008479 0.007812
0 0.590722 0.21012 0.005814 0.005996
0 0.526284 0.233467 0.005329 0.013808
0 0.543665 0.204942 0.003997 0.009084
0 0.496972 0.208031 0.003876 0.009811
0 0.550509 0.241915 0.007025 0.016533
0 0.560804 0.242006 0.007994 0.017442
0 0.586906 0.299873 0.011991 0.012173
0 0.526526 0.306141 0.003876 0.009448
0 0.508297 0.323765 0.003997 0.009448
0 0.508358 0.337573 0.003876 0.009448
0 0.610828 0.35456 0.005814 0.005632
0 0.636386 0.364371 0.006056 0.005632
0 0.49243 0.377816 0.010538 0.028161
0 0.508358 0.384811 0.003876 0.008721
0 0.524709 0.384811 0.003876 0.009811
0 0.533309 0.389717 0.005329 0.013445
0 0.543907 0.389262 0.005208 0.013626
0 0.518229 0.399437 0.006177 0.005632
0 0.509569 0.399437 0.005814 0.005632
0 0.613857 0.403525 0.009448 0.007994
0 0.636204 0.381995 0.005693 0.005632
0 0.613675 0.420876 0.017563 0.01508
0 0.49679 0.426235 0.003755 0.009084
0 0.501938 0.42569 0.003391 0.008721
0 0.530039 0.451217 0.006056 0.005269
0 0.530099 0.45903 0.006177 0.005269
0 0.613675 0.440952 0.018047 0.015625
2 0.613675 0.462936 0.017805 0.014898
0 0.515201 0.491642 0.003513 0.009448
0 0.520531 0.491642 0.003513 0.008721
0 0.499697 0.518169 0.003755 0.009084
0 0.504966 0.51835 0.003391 0.009084
0 0.532703 0.539789 0.005814 0.005814
0 0.532461 0.547693 0.005814 0.005269
0 0.522832 0.583757 0.003513 0.009448
0 0.517502 0.584121 0.003997 0.009448
0 0.571887 0.591388 0.003755 0.009811
0 0.657098 0.565044 0.006298 0.005814
0 0.593508 0.670603 0.003876 0.009811
0 0.579397 0.69504 0.009084 0.007812
0 0.579397 0.70794 0.009084 0.007812
0 0.629966 0.718659 0.010901 0.027435
0 0.628089 0.749092 0.011507 0.010901
0 0.628028 0.763626 0.01187 0.011265
0 0.585211 0.747638 0.003513 0.008721
0 0.576187 0.718659 0.006298 0.005632
0 0.575945 0.727198 0.005814 0.005269
0 0.546209 0.752907 0.006177 0.005814
0 0.537064 0.753452 0.006298 0.005814
0 0.524406 0.73065 0.006177 0.005996
0 0.576187 0.753725 0.005814 0.005269
0 0.518653 0.794241 0.007267 0.01726
0 0.528706 0.793968 0.007267 0.017078
0 0.550812 0.801417 0.005208 0.013081
0 0.582425 0.830487 0.003513 0.009448
0 0.590359 0.833394 0.007267 0.016715
0 0.536034 0.830487 0.003755 0.008721
0 0.501332 0.81032 0.00969 0.007994
0 0.650557 0.82649 0.006298 0.005814
0 0.660368 0.826399 0.006298 0.005996
0 0.649043 0.896711 0.006177 0.005632
0 0.648861 0.905342 0.005814 0.005087
0 0.680596 0.901526 0.01187 0.011628
0 0.708636 0.901344 0.011507 0.011265
0 0.738433 0.901163 0.011991 0.011991
0 0.767139 0.900527 0.011507 0.011446
0 0.961422 0.896984 0.011507 0.011628
0 0.944465 0.897166 0.011507 0.011628
0 0.826853 0.898983 0.011507 0.011628
0 0.809775 0.899164 0.011507 0.011628
0 0.860647 0.898619 0.011507 0.011628
0 0.843689 0.898801 0.011507 0.011628
0 0.894077 0.897892 0.011507 0.011628
0 0.877241 0.898256 0.011507 0.011628
0 0.92775 0.897529 0.011507 0.011628
0 0.910671 0.897529 0.011507 0.011628
0 0.978198 0.897529 0.00969 0.009084
0 0.898377 0.826399 0.007752 0.006722
0 0.207122 0.5625 0.007994 0.017442
0 0.197674 0.562318 0.007994 0.017442
0 0.133358 0.562863 0.007994 0.017442
0 0.124152 0.562682 0.007994 0.017442
0 0.151768 0.562318 0.007994 0.017442
0 0.142442 0.5625 0.007994 0.017442
0 0.1703 0.562863 0.007994 0.017442
0 0.161095 0.563045 0.007994 0.017442
0 0.18859 0.5625 0.007994 0.017442
0 0.179506 0.562682 0.007994 0.017442
0 0.952398 0.555233 0.007994 0.017442
0 0.943072 0.555414 0.007994 0.017442
0 0.879845 0.556504 0.007994 0.017442
0 0.87064 0.556323 0.007994 0.017442
0 0.897892 0.555959 0.007994 0.017442
0 0.888929 0.556141 0.007994 0.017442
0 0.916182 0.556504 0.007994 0.017442
0 0.906977 0.556141 0.007994 0.017442
0 0.934109 0.555778 0.007994 0.017442
0 0.925145 0.556141 0.007994 0.017442
0 0.952035 0.528525 0.007994 0.017442
0 0.943072 0.528706 0.007994 0.017442
0 0.879724 0.528888 0.007994 0.017442
0 0.87064 0.528888 0.007994 0.017442
0 0.898014 0.528706 0.007994 0.017442
0 0.888808 0.528888 0.007994 0.017442
0 0.916061 0.528706 0.007994 0.017442
0 0.906856 0.528706 0.007994 0.017442
0 0.933987 0.528706 0.007994 0.017442
0 0.925024 0.528525 0.007994 0.017442
0 0.952156 0.500908 0.007994 0.017442
0 0.943193 0.500908 0.007994 0.017442
0 0.879603 0.501635 0.007752 0.016715
0 0.870518 0.501999 0.007994 0.017442
0 0.897892 0.501635 0.007994 0.017442
0 0.888566 0.501453 0.007994 0.017442
0 0.91594 0.50109 0.007994 0.017442
0 0.906856 0.501272 0.007994 0.017442
0 0.934109 0.50109 0.007994 0.017442
0 0.925024 0.501453 0.007994 0.017442
0 0.994065 0.129724 0.011628 0.011265
0 0.959302 0.129906 0.011628 0.011265
0 0.925145 0.130269 0.011628 0.011991
0 0.907946 0.130269 0.011628 0.011991
0 0.823643 0.130723 0.011628 0.012173
0 0.806686 0.130632 0.011628 0.011265
0 0.789971 0.130451 0.011628 0.011265
0 0.772892 0.130632 0.011628 0.011265
0 0.891352 0.130269 0.011628 0.011265
0 0.874394 0.130087 0.011628 0.011265
0 0.857437 0.130632 0.011628 0.011991
0 0.840843 0.130905 0.011628 0.012173
0 0.977471 0.130269 0.011628 0.011991
1 0.942587 0.130269 0.009448 0.009084
1 0.494913 0.124727 0.006541 0.005632
1 0.43423 0.138172 0.006541 0.005632
1 0.541303 0.128725 0.006298 0.005996
1 0.425388 0.217478 0.007025 0.006541
1 0.41594 0.217024 0.006298 0.005996
1 0.425388 0.226472 0.006298 0.005632
1 0.531432 0.287427 0.003997 0.009811
1 0.526466 0.287518 0.003997 0.009993
1 0.520349 0.287427 0.003876 0.009448
1 0.51399 0.287246 0.003997 0.010174
1 0.514717 0.307504 0.003997 0.009993
1 0.52047 0.305959 0.003876 0.009811
1 0.539305 0.306141 0.003997 0.009811
1 0.544937 0.306141 0.003876 0.009084
1 0.549843 0.306686 0.003755 0.009448
1 0.568072 0.230196 0.003876 0.009448
1 0.557171 0.314862 0.005814 0.005814
1 0.557413 0.323765 0.006541 0.005814
1 0.557292 0.332395 0.005814 0.005632
1 0.557171 0.340934 0.005814 0.005269
1 0.419331 0.358012 0.006298 0.005996
1 0.41921 0.373092 0.006541 0.005632
1 0.595325 0.369095 0.005814 0.005269
1 0.595203 0.383358 0.006056 0.005814
1 0.586664 0.329215 0.009084 0.007994
1 0.557292 0.357831 0.006298 0.005996
1 0.557413 0.366733 0.006541 0.005632
1 0.507752 0.348565 0.006298 0.005996
1 0.507873 0.357467 0.006541 0.005632
1 0.419331 0.389081 0.006298 0.005996
1 0.419331 0.397983 0.006541 0.005632
1 0.406008 0.464299 0.006298 0.005996
1 0.406371 0.411428 0.006541 0.005632
1 0.392926 0.429052 0.006298 0.005996
1 0.406613 0.428325 0.006541 0.005632
1 0.513687 0.384357 0.003876 0.009266
1 0.519138 0.384811 0.003876 0.009811
1 0.533188 0.416515 0.005329 0.013626
1 0.543847 0.416152 0.005572 0.014353
1 0.58624 0.415607 0.003876 0.009266
1 0.522892 0.425872 0.003876 0.009448
1 0.512415 0.425872 0.003755 0.009448
1 0.507328 0.426145 0.003997 0.009993
1 0.392442 0.375636 0.006298 0.005996
1 0.392805 0.384539 0.006541 0.005632
1 0.406613 0.441588 0.006298 0.005996
1 0.406008 0.481922 0.006541 0.005632
1 0.392684 0.411065 0.006298 0.005996
1 0.392684 0.393441 0.006298 0.005996
1 0.392684 0.402162 0.006541 0.005632
1 0.419331 0.428688 0.006298 0.005996
1 0.419331 0.411065 0.006298 0.005996
1 0.419331 0.419786 0.006541 0.005632
1 0.419695 0.463935 0.006298 0.005996
1 0.419695 0.446312 0.006298 0.005996
1 0.419695 0.454851 0.006541 0.005632
1 0.419937 0.513354 0.006298 0.005996
1 0.406008 0.498819 0.006298 0.005996
1 0.39329 0.562409 0.006541 0.005632
1 0.419937 0.490643 0.006298 0.005996
1 0.420058 0.499364 0.006541 0.005632
1 0.419937 0.544241 0.006541 0.005632
1 0.406371 0.52807 0.006541 0.005632
1 0.406371 0.516988 0.006541 0.005632
1 0.393169 0.528252 0.006541 0.005632
1 0.393169 0.517169 0.006541 0.005632
1 0.393169 0.544967 0.006541 0.005632
1 0.515383 0.518169 0.003876 0.009084
1 0.494428 0.492006 0.003876 0.009084
1 0.510053 0.518169 0.003876 0.009084
1 0.510296 0.491824 0.003876 0.009084
1 0.504966 0.491824 0.003876 0.009084
1 0.525981 0.517987 0.003755 0.009084
1 0.61634 0.501635 0.003997 0.010174
1 0.392684 0.482013 0.006541 0.006541
1 0.474685 0.466116 0.006056 0.005996
1 0.409157 0.452035 0.00436 0.009811
1 0.403404 0.452398 0.004239 0.009811
1 0.496911 0.584302 0.003997 0.009448
1 0.553234 0.571584 0.003997 0.009448
1 0.589935 0.571039 0.003997 0.009448
1 0.595627 0.571221 0.003997 0.009448
1 0.589935 0.590661 0.003997 0.009448
1 0.595627 0.59048 0.003997 0.009448
1 0.578428 0.591025 0.003997 0.009448
1 0.584121 0.591206 0.003997 0.009448
1 0.571645 0.571403 0.003997 0.009448
1 0.578307 0.571403 0.003997 0.009448
1 0.559654 0.571403 0.003997 0.009448
1 0.565589 0.571584 0.003997 0.009448
1 0.560017 0.591025 0.003997 0.009448
1 0.565831 0.591388 0.003997 0.009448
1 0.548147 0.59157 0.003997 0.009448
1 0.554082 0.591388 0.003997 0.009448
1 0.506722 0.583757 0.003997 0.009448
1 0.512173 0.583576 0.003997 0.009448
0 0.178295 0.207031 0.007267 0.006722
1 0.493702 0.905523 0.006783 0.006541
1 0.460392 0.903979 0.007025 0.005632
1 0.656432 0.814953 0.006177 0.005996
1 0.656492 0.805687 0.006298 0.005632
1 0.656492 0.796966 0.006541 0.006359
1 0.665577 0.796602 0.006298 0.005996
1 0.567829 0.754542 0.005329 0.013081
1 0.559411 0.755723 0.003755 0.009266
1 0.553113 0.755996 0.003997 0.009811
1 0.576308 0.745367 0.006056 0.005632
1 0.576005 0.735556 0.005693 0.005269
1 0.593689 0.718568 0.009084 0.008358
1 0.619489 0.713209 0.003997 0.009266
1 0.59157 0.700945 0.005572 0.014172
1 0.599261 0.698401 0.003997 0.009084
1 0.58727 0.670603 0.003513 0.009084
1 0.57655 0.683957 0.005814 0.005996
1 0.563651 0.681323 0.003513 0.009448
1 0.556444 0.68214 0.006056 0.005632
1 0.546996 0.681504 0.003876 0.009811
1 0.541485 0.681595 0.003997 0.009266
1 0.535671 0.681777 0.003755 0.009266
1 0.529615 0.681686 0.004239 0.009448
1 0.524225 0.69286 0.005814 0.005632
1 0.524467 0.74028 0.006056 0.005632
1 0.524346 0.749818 0.006056 0.005814
1 0.524467 0.701399 0.006056 0.005632
1 0.524346 0.710938 0.006056 0.005814
1 0.511386 0.721203 0.006056 0.005632
1 0.511386 0.731105 0.006056 0.005814
1 0.511507 0.741007 0.006056 0.005632
1 0.511386 0.75 0.006056 0.005814
1 0.518108 0.612645 0.003997 0.010174
1 0.46118 0.65625 0.003755 0.009448
1 0.489159 0.626635 0.003997 0.009448
1 0.494731 0.62609 0.003513 0.009811
1 0.657219 0.6131 0.006056 0.005269
1 0.661337 0.639262 0.005814 0.005632
1 0.661701 0.648528 0.006056 0.005632
1 0.668847 0.553688 0.006056 0.005269
1 0.668726 0.564408 0.005814 0.005632
1 0.669089 0.573674 0.006056 0.005632
1 0.670785 0.603834 0.006056 0.005269
1 0.670785 0.612555 0.005814 0.005632
1 0.671027 0.629996 0.006056 0.005632
1 0.671027 0.639444 0.006056 0.005269
1 0.671027 0.647983 0.005814 0.005632
1 0.671148 0.656886 0.006056 0.005632
1 0.657098 0.582758 0.006056 0.005269
1 0.586483 0.46548 0.00436 0.008721
1 0.657219 0.603834 0.006056 0.005632
1 0.657582 0.132358 0.006541 0.005996
1 0.636265 0.372911 0.005814 0.005269
1 0.636386 0.390898 0.006298 0.005632
1 0.636386 0.399618 0.006298 0.005632
1 0.622214 0.501363 0.003876 0.009993
1 0.628089 0.501453 0.003997 0.009811
1 0.640201 0.501544 0.003755 0.009266
1 0.557413 0.803234 0.00436 0.011265
2 0.565346 0.917969 0.035974 0.074673
2 0.51944 0.919059 0.035974 0.074673
2 0.566315 0.117823 0.035974 0.074673
2 0.520167 0.117823 0.035974 0.074673
4 0.562076 0.84484 0.032098 0.041061
4 0.515686 0.845022 0.032098 0.041061
0 0.463481 0.810229 0.034278 0.051054
0 0.497759 0.782068 0.034278 0.051054
0 0.581335 0.792787 0.034278 0.051054
4 0.550388 0.71875 0.027132 0.039608
2 0.463723 0.715752 0.035974 0.051417
2 0.603864 0.74673 0.025799 0.039608
4 0.445373 0.65943 0.020591 0.030705
4 0.580305 0.633448 0.027374 0.037246
1 0.425145 0.66597 0.006056 0.005269
1 0.42454 0.647892 0.006298 0.005814
1 0.424661 0.639353 0.006298 0.005814
1 0.393411 0.643895 0.006298 0.005814
1 0.393532 0.635356 0.006298 0.005814
1 0.407885 0.618368 0.003997 0.009993
1 0.414244 0.618278 0.003876 0.009448
5 0.613857 0.696221 0.008479 0.017805
5 0.414184 0.590298 0.012476 0.012718
1 0.493096 0.707667 0.008963 0.007994
5 0.586483 0.43859 0.012112 0.013081
4 0.508721 0.459575 0.023014 0.033612
4 0.615734 0.377453 0.019743 0.029615
2 0.483467 0.334847 0.02483 0.039608
4 0.532401 0.345113 0.027253 0.041606
2 0.616097 0.318405 0.035974 0.052507
0 0.506177 0.250363 0.033915 0.050145
0 0.460453 0.229379 0.03452 0.052507
0 0.58618 0.262264 0.03452 0.052507
4 0.564438 0.190498 0.032461 0.040879
4 0.517926 0.19068 0.032461 0.040879
