4 0.731563 0.600833 0.398125 0.385
0 0.404687 0.3525 0.058125 0.04
0 0.403438 0.276667 0.058125 0.04
0 0.96 0.302917 0.03 0.075833
0 0.68625 0.299583 0.03 0.075833
1 0.682813 0.8875 0.061875 0.05
1 0.882188 0.285 0.061875 0.05
1 0.679688 0.96 0.061875 0.05
1 0.552188 0.885833 0.061875 0.05
1 0.550937 0.96 0.061875 0.05
1 0.80125 0.30375 0.03375 0.084167
1 0.5225 0.29875 0.03375 0.084167
1 0.384375 0.53625 0.03375 0.084167
1 0.743125 0.29875 0.03375 0.084167
1 0.18 0.762917 0.0375 0.084167
1 0.453125 0.53625 0.03375 0.084167
1 0.103125 0.53125 0.03375 0.084167
1 0.223125 0.534583 0.03375 0.084167
1 0.16625 0.53125 0.03375 0.084167
1 0.04125 0.759583 0.03375 0.084167
1 0.099375 0.762917 0.03375 0.084167
0 0.820312 0.8875 0.058125 0.043333
