0 0.0975 0.268333 0.08625 0.081667
0 0.0925 0.350833 0.0425 0.035
0 0.511563 0.26375 0.038125 0.0925
0 0.577187 0.262083 0.036875 0.0925
0 0.651875 0.263333 0.045 0.036667
0 0.832812 0.40375 0.039375 0.034167
0 0.94375 0.552083 0.06 0.125833
0 0.095 0.819583 0.08625 0.074167
0 0.09625 0.900833 0.04375 0.035
1 0.48875 0.810833 0.02625 0.061667
1 0.651875 0.208333 0.04875 0.038333
1 0.659375 0.1275 0.02625 0.061667
4 0.166563 0.575417 0.215625 0.344167
2 0.56875 0.560833 0.40625 0.361667
4 0.831562 0.186667 0.216875 0.283333
