0 0.691875 0.6175 0.05625 0.113333
0 0.264688 0.037917 0.043125 0.035833
0 0.339062 0.037083 0.043125 0.035833
0 0.582812 0.04375 0.043125 0.035833
0 0.374063 0.382917 0.035625 0.0875
0 0.193125 0.3275 0.05625 0.113333
0 0.11 0.326667 0.05625 0.113333
0 0.251875 0.593333 0.025 0.055
0 0.63 0.598333 0.025 0.055
4 0.463125 0.692917 0.25375 0.285833
1 0.515312 0.049583 0.040625 0.0925
1 0.430625 0.39875 0.0275 0.0625
1 0.3975 0.05875 0.0275 0.0625
1 0.44625 0.05625 0.0275 0.0625
0 0.612187 0.288333 0.274375 0.36
