0 0.918438 0.1675 0.061875 0.043333
0 0.278438 0.078333 0.066875 0.05
0 0.314375 0.2 0.04125 0.031667
0 0.313125 0.15 0.04125 0.031667
0 0.525 0.044167 0.025 0.055
0 0.24625 0.183333 0.025 0.055
0 0.399375 0.0475 0.025 0.055
0 0.839375 0.372917 0.035 0.0825
0 0.834375 0.20375 0.035 0.089167
1 0.57 0.045 0.02375 0.06
1 0.07625 0.073333 0.02625 0.06
1 0.134375 0.07 0.02625 0.06
1 0.354375 0.05 0.02625 0.06
1 0.440625 0.045 0.02375 0.06
1 0.97875 0.396667 0.02375 0.06
1 0.480625 0.045 0.02375 0.06
1 0.660625 0.244167 0.02375 0.06
1 0.405 0.656667 0.04375 0.033333
1 0.60625 0.179167 0.04375 0.033333
1 0.6075 0.235833 0.04375 0.033333
1 0.755625 0.255833 0.04375 0.033333
1 0.968125 0.240833 0.04375 0.033333
1 0.470625 0.348333 0.04375 0.033333
1 0.423125 0.9125 0.04375 0.033333
1 0.135 0.398333 0.04375 0.033333
1 0.34 0.706667 0.04375 0.033333
1 0.34375 0.825833 0.04625 0.036667
1 0.35875 0.910833 0.04375 0.033333
1 0.34 0.765 0.04375 0.033333
1 0.73625 0.363333 0.02375 0.06
1 0.93125 0.395 0.02375 0.06
4 0.32875 0.43375 0.2 0.200833
5 0.130312 0.269167 0.114375 0.065
3 0.469375 0.172083 0.05375 0.115833
