0 0.47 0.600417 0.0775 0.1525
0 0.065 0.607083 0.0775 0.1525
0 0.164375 0.60375 0.0775 0.1525
0 0.775 0.587917 0.0775 0.1525
0 0.57125 0.597917 0.0775 0.1525
0 0.673125 0.592917 0.0775 0.1525
0 0.26875 0.60375 0.0775 0.1525
0 0.369375 0.602083 0.0775 0.1525
0 0.46625 0.32875 0.0775 0.1525
0 0.06125 0.340417 0.0775 0.1525
0 0.163125 0.337083 0.0775 0.1525
0 0.76875 0.323333 0.08 0.151667
0 0.56625 0.327917 0.0775 0.1525
0 0.668125 0.324583 0.0775 0.1525
0 0.2625 0.335417 0.0775 0.1525
0 0.365625 0.332083 0.0775 0.1525
0 0.056875 0.072917 0.0775 0.145833
0 0.15625 0.072917 0.0775 0.145833
