0 0.721875 0.169167 0.04375 0.033333
0 0.64625 0.169167 0.04375 0.033333
0 0.65375 0.820833 0.02375 0.056667
0 0.5925 0.255833 0.02375 0.056667
0 0.689375 0.254167 0.02375 0.056667
0 0.749375 0.6125 0.02375 0.056667
0 0.873437 0.481667 0.068125 0.048333
1 0.423125 0.415833 0.02625 0.065
0 0.750625 0.703333 0.02375 0.056667
1 0.64125 0.253333 0.02625 0.065
1 0.738125 0.255 0.02625 0.065
1 0.75 0.516667 0.02625 0.065
1 0.39875 0.9525 0.02625 0.065
1 0.470625 0.258333 0.02625 0.065
1 0.421875 0.258333 0.02625 0.065
1 0.470625 0.258333 0.02625 0.065
1 0.421875 0.258333 0.02625 0.065
1 0.446875 0.825 0.02625 0.065
1 0.399375 0.825 0.02625 0.065
1 0.55875 0.821667 0.02625 0.065
1 0.75 0.425833 0.02625 0.065
1 0.7475 0.816667 0.02625 0.065
1 0.70125 0.821667 0.02625 0.065
1 0.74625 0.940833 0.02625 0.065
1 0.68125 0.940833 0.02625 0.065
1 0.44625 0.950833 0.02625 0.065
1 0.5025 0.9525 0.02625 0.065
1 0.50125 0.82 0.02625 0.065
1 0.883125 0.413333 0.05 0.038333
4 0.581875 0.549167 0.21875 0.29
