0 0.81 0.374583 0.07625 0.195833
0 0.848437 0.72 0.025625 0.06
0 0.936562 0.083333 0.025625 0.06
0 0.941562 0.4225 0.025625 0.06
0 0.890938 0.718333 0.025625 0.06
0 0.221875 0.407083 0.0475 0.0325
0 0.65875 0.27125 0.0475 0.035833
0 0.951875 0.52625 0.0475 0.035833
0 0.673125 0.62125 0.0475 0.035833
0 0.788125 0.872083 0.0475 0.0325
0 0.78875 0.932083 0.0475 0.0325
0 0.670625 0.947083 0.0475 0.0325
0 0.226875 0.807917 0.0475 0.0325
1 0.12125 0.837917 0.0475 0.039167
1 0.93375 0.160417 0.0475 0.039167
1 0.935 0.224583 0.0475 0.039167
1 0.22 0.237917 0.0475 0.039167
1 0.22 0.347917 0.0475 0.039167
1 0.116875 0.622917 0.0475 0.039167
1 0.22375 0.52625 0.0475 0.039167
1 0.22375 0.462917 0.0475 0.039167
1 0.22375 0.679583 0.0475 0.039167
1 0.2225 0.614583 0.0475 0.039167
1 0.119375 0.739583 0.0475 0.039167
1 0.224375 0.744583 0.0475 0.039167
1 0.225625 0.872083 0.0475 0.039167
1 0.226875 0.92875 0.0475 0.039167
1 0.095312 0.913333 0.025625 0.063333
1 0.982812 0.418333 0.025625 0.063333
1 0.974063 0.7175 0.025625 0.063333
1 0.931562 0.7175 0.025625 0.063333
1 0.141563 0.913333 0.025625 0.063333
0 0.79125 0.7225 0.03875 0.096667
