0 0.136931 0.116824 0.011991 0.012355
0 0.153888 0.117006 0.011749 0.012355
0 0.170967 0.117551 0.011991 0.012718
0 0.014474 0.115007 0.011991 0.012355
0 0.031432 0.115189 0.011749 0.012355
0 0.048752 0.115734 0.011991 0.012718
0 0.083757 0.116097 0.011991 0.012355
0 0.102653 0.116279 0.011749 0.012355
0 0.119731 0.116097 0.011991 0.012718
1 0.068072 0.11637 0.009448 0.008903
0 0.064862 0.545331 0.007873 0.017987
0 0.074249 0.545149 0.008236 0.017624
0 0.046451 0.545331 0.007873 0.017987
0 0.055838 0.545149 0.008236 0.017624
0 0.02804 0.544967 0.007873 0.017987
0 0.037427 0.545149 0.008236 0.017624
0 0.009629 0.544604 0.007873 0.017987
0 0.018774 0.544422 0.008236 0.017624
0 0.065346 0.462482 0.007873 0.017987
0 0.074734 0.462664 0.008236 0.017624
0 0.046936 0.462118 0.007873 0.017987
0 0.05608 0.462664 0.008236 0.017624
0 0.028282 0.462118 0.007873 0.017987
0 0.03767 0.4623 0.008236 0.017624
0 0.009872 0.462118 0.007873 0.017987
0 0.019259 0.461937 0.008236 0.017624
0 0.065104 0.490461 0.007873 0.017987
0 0.074734 0.49028 0.008236 0.017624
0 0.046936 0.490098 0.007873 0.017987
0 0.055838 0.49028 0.008236 0.017624
0 0.028282 0.489735 0.007873 0.017987
0 0.03767 0.489916 0.008236 0.017624
0 0.009872 0.489735 0.007873 0.017987
0 0.019259 0.489553 0.008236 0.017624
0 0.065104 0.517714 0.007873 0.017987
0 0.074007 0.518259 0.008236 0.017624
0 0.046693 0.517351 0.007873 0.017987
0 0.055596 0.517533 0.008236 0.017624
0 0.02804 0.517351 0.007873 0.017987
0 0.037427 0.517533 0.008236 0.017624
0 0.009629 0.517351 0.007873 0.017987
0 0.019016 0.517169 0.008236 0.017624
0 0.018471 0.81686 0.007146 0.007267
0 0.080971 0.889717 0.011991 0.012355
0 0.202701 0.89226 0.011991 0.012355
0 0.029736 0.888808 0.011991 0.012355
0 0.012657 0.888808 0.011991 0.012355
0 0.064014 0.889898 0.011991 0.012355
0 0.046936 0.889535 0.011991 0.012355
0 0.151223 0.891533 0.011991 0.012355
0 0.134387 0.891533 0.011991 0.012355
0 0.185986 0.89226 0.011991 0.012355
0 0.168423 0.891533 0.011991 0.012355
0 0.098716 0.890898 0.010174 0.009629
0 0.410913 0.894713 0.011507 0.01181
1 0.397711 0.894077 0.007146 0.006904
0 0.428597 0.894622 0.011507 0.012355
1 0.470082 0.164062 0.008721 0.008358
1 0.281432 0.120458 0.006662 0.006177
1 0.290879 0.120458 0.006662 0.006177
1 0.416606 0.126999 0.006662 0.006177
1 0.44725 0.126999 0.006662 0.006177
1 0.44725 0.119004 0.006662 0.006177
1 0.438287 0.119004 0.006662 0.006177
1 0.454397 0.266352 0.006662 0.006177
1 0.486858 0.122093 0.006662 0.006177
1 0.445676 0.196039 0.006662 0.006177
1 0.433685 0.195676 0.006662 0.006177
1 0.42351 0.195676 0.006662 0.006177
1 0.414789 0.195312 0.006662 0.006177
1 0.398074 0.212936 0.006904 0.006541
1 0.368035 0.314862 0.006662 0.006177
1 0.357498 0.314862 0.006662 0.006177
1 0.457183 0.334121 0.006662 0.006177
1 0.502725 0.32867 0.006662 0.006177
1 0.521378 0.312682 0.006662 0.006177
1 0.521621 0.303779 0.006662 0.006177
1 0.541606 0.316497 0.006662 0.006177
1 0.570676 0.315407 0.006662 0.006177
1 0.599625 0.209666 0.006662 0.006177
1 0.599382 0.200581 0.006662 0.006177
1 0.542333 0.146802 0.006662 0.006177
1 0.454397 0.257994 0.006662 0.006177
1 0.599625 0.191679 0.006662 0.006177
1 0.618156 0.141715 0.006662 0.005814
1 0.563287 0.146802 0.006662 0.006177
1 0.542333 0.138445 0.006662 0.006177
1 0.583818 0.143986 0.004603 0.010356
1 0.664244 0.143623 0.00436 0.010356
1 0.670058 0.143623 0.00436 0.010356
1 0.626151 0.123183 0.006904 0.006541
1 0.609254 0.199764 0.003876 0.009993
1 0.662912 0.199764 0.004118 0.009993
1 0.652495 0.1994 0.00436 0.009993
1 0.66376 0.219568 0.003876 0.011083
1 0.528828 0.314044 0.004603 0.009993
1 0.538517 0.332395 0.00436 0.009993
1 0.564801 0.338935 0.003876 0.009266
1 0.5711 0.339117 0.004118 0.009629
1 0.577641 0.339662 0.003876 0.009993
1 0.585756 0.33839 0.00436 0.010356
1 0.603319 0.33948 0.003634 0.009629
1 0.608527 0.340207 0.00436 0.010356
1 0.617914 0.338663 0.006662 0.006177
1 0.644864 0.326217 0.00436 0.009993
1 0.499637 0.282249 0.00436 0.009993
1 0.505329 0.282794 0.004118 0.009629
1 0.5172 0.282794 0.004118 0.008903
1 0.48813 0.282431 0.00436 0.010356
1 0.458212 0.284248 0.00436 0.009629
1 0.450097 0.284248 0.004603 0.010356
1 0.500848 0.204488 0.00436 0.010356
1 0.482922 0.20685 0.004118 0.009629
1 0.457243 0.22411 0.00436 0.010356
1 0.418907 0.366279 0.007146 0.006904
1 0.492551 0.375182 0.006662 0.006541
1 0.483588 0.382631 0.006662 0.006177
1 0.483709 0.391533 0.00642 0.006177
1 0.496063 0.391533 0.005935 0.006177
1 0.496063 0.400799 0.005935 0.006177
1 0.483709 0.400436 0.006904 0.005814
1 0.485768 0.413699 0.006177 0.006177
1 0.494368 0.414244 0.007146 0.005814
1 0.494125 0.427689 0.006662 0.006541
1 0.485526 0.427144 0.00642 0.006177
1 0.493399 0.443132 0.006662 0.006541
1 0.493399 0.45585 0.006662 0.006177
1 0.484799 0.45476 0.00642 0.006177
1 0.476441 0.446403 0.006662 0.006177
1 0.488675 0.469477 0.00642 0.006541
1 0.490007 0.48165 0.006662 0.006177
1 0.469658 0.484193 0.006177 0.006541
1 0.476199 0.497093 0.006662 0.005814
1 0.489644 0.497456 0.00642 0.006541
1 0.475594 0.505451 0.00642 0.006177
1 0.475594 0.517351 0.00642 0.009266
1 0.465359 0.530069 0.003876 0.009629
1 0.480136 0.5506 0.004118 0.009993
1 0.468629 0.574037 0.004118 0.009993
1 0.487403 0.613826 0.00436 0.009993
1 0.493338 0.613463 0.004118 0.009993
1 0.501635 0.62173 0.006904 0.006541
1 0.513869 0.621185 0.006662 0.006177
1 0.513869 0.631359 0.006904 0.005814
1 0.50103 0.631722 0.006662 0.006541
1 0.485344 0.62818 0.00436 0.010356
1 0.542515 0.652525 0.004118 0.009993
1 0.547844 0.652525 0.004118 0.009629
1 0.558261 0.652525 0.004118 0.009629
1 0.583031 0.682231 0.006662 0.006177
1 0.587452 0.708666 0.004118 0.010356
1 0.546512 0.749727 0.004118 0.009993
1 0.526647 0.750273 0.004118 0.010356
1 0.527011 0.771711 0.00436 0.009629
1 0.532461 0.772257 0.004118 0.009993
1 0.538154 0.772257 0.004118 0.009993
1 0.544695 0.772438 0.004118 0.010356
1 0.550024 0.772257 0.003876 0.009993
1 0.558079 0.771621 0.006177 0.006541
1 0.568132 0.753997 0.00642 0.006541
1 0.568011 0.762718 0.006662 0.006177
1 0.56789 0.771984 0.00642 0.005814
1 0.58509 0.751272 0.006662 0.006541
1 0.586906 0.775436 0.006662 0.006541
1 0.586785 0.787609 0.006904 0.006904
1 0.567042 0.788427 0.006177 0.017624
1 0.552992 0.790062 0.00642 0.01726
1 0.552023 0.803961 0.00642 0.005814
1 0.585453 0.805505 0.006177 0.01835
1 0.576732 0.828852 0.006662 0.006541
1 0.569828 0.876363 0.006177 0.009629
1 0.584847 0.876363 0.006662 0.010356
1 0.569586 0.893986 0.006177 0.011083
1 0.599019 0.901072 0.007389 0.009993
1 0.59811 0.917969 0.004118 0.009993
1 0.60344 0.918332 0.003876 0.009993
1 0.615492 0.937318 0.00642 0.005814
1 0.627241 0.937318 0.00642 0.005814
1 0.635598 0.937318 0.00642 0.005814
1 0.652556 0.945494 0.00642 0.006177
1 0.654554 0.931595 0.003876 0.010356
1 0.660247 0.922329 0.004118 0.010356
1 0.655039 0.901435 0.003876 0.009993
1 0.666182 0.919241 0.003634 0.009629
1 0.671996 0.919241 0.004118 0.009629
1 0.678052 0.919786 0.003876 0.009993
1 0.672238 0.936682 0.003876 0.009993
1 0.666061 0.936501 0.00436 0.010356
1 0.458454 0.913427 0.00436 0.011083
1 0.701066 0.920512 0.003876 0.009629
1 0.694525 0.933866 0.005572 0.014172
1 0.715964 0.916788 0.009205 0.008358
1 0.715964 0.901163 0.009205 0.008721
1 0.630935 0.901072 0.004118 0.009993
1 0.635901 0.901072 0.003876 0.009993
1 0.313348 0.714299 0.004118 0.010719
1 0.318798 0.71448 0.004118 0.010356
1 0.367672 0.708394 0.00642 0.006541
1 0.367309 0.720022 0.006662 0.006541
1 0.367551 0.727289 0.006662 0.005814
0 0.367551 0.699945 0.005935 0.004906
1 0.326914 0.734284 0.004118 0.009993
1 0.368459 0.749727 0.003876 0.009993
1 0.416969 0.664789 0.006662 0.006904
1 0.706214 0.920876 0.003513 0.009629
1 0.940468 0.874092 0.006177 0.005814
1 0.940346 0.883358 0.00642 0.005814
1 0.930293 0.825218 0.006177 0.006177
1 0.921572 0.822856 0.006177 0.006177
1 0.920967 0.814135 0.005935 0.005451
1 0.91273 0.78343 0.005935 0.005451
1 0.912367 0.790334 0.006662 0.005451
1 0.912367 0.798692 0.007146 0.006177
1 0.912367 0.806868 0.006177 0.006177
1 0.912246 0.813772 0.00642 0.005451
1 0.861192 0.822765 0.004118 0.009993
1 0.859314 0.81141 0.00642 0.005451
1 0.864281 0.696766 0.006177 0.006177
1 0.875969 0.69722 0.003876 0.009629
1 0.88142 0.697402 0.004118 0.009993
1 0.874576 0.725109 0.00642 0.006177
1 0.883176 0.725291 0.006177 0.006541
1 0.902313 0.747638 0.006177 0.005814
1 0.877301 0.751181 0.004118 0.009993
1 0.882873 0.751544 0.004118 0.009993
1 0.865128 0.753452 0.00642 0.006177
1 0.866097 0.763626 0.006177 0.005814
1 0.833939 0.717024 0.004118 0.009993
1 0.883721 0.902707 0.004118 0.009993
1 0.727168 0.720567 0.00642 0.005451
1 0.727289 0.728016 0.006177 0.005814
1 0.715661 0.720022 0.00642 0.006177
1 0.71554 0.728016 0.006177 0.005814
1 0.715056 0.738372 0.006904 0.005814
1 0.714692 0.745821 0.006177 0.006904
1 0.681928 0.708666 0.003876 0.009266
1 0.674661 0.708303 0.004118 0.009266
1 0.669453 0.708121 0.004118 0.008903
1 0.664244 0.707758 0.003876 0.009266
1 0.675024 0.684684 0.003876 0.008903
1 0.680838 0.684956 0.003876 0.008721
1 0.686168 0.685047 0.00436 0.008903
1 0.700824 0.685229 0.003876 0.009266
1 0.706759 0.685047 0.004118 0.009629
1 0.713057 0.66052 0.003876 0.009629
1 0.732679 0.660883 0.004118 0.009629
1 0.738251 0.661246 0.004118 0.009629
1 0.745458 0.65952 0.006177 0.006177
1 0.659278 0.686864 0.004118 0.009266
1 0.64329 0.707576 0.00436 0.009629
1 0.66485 0.654524 0.004603 0.009266
1 0.699552 0.522438 0.00642 0.009629
1 0.682716 0.413517 0.006662 0.006541
1 0.682473 0.422602 0.006177 0.006904
1 0.682231 0.431323 0.006662 0.006177
1 0.682231 0.439862 0.006177 0.007631
1 0.68211 0.449128 0.00642 0.006541
1 0.681868 0.457485 0.006904 0.006177
1 0.681989 0.46657 0.006662 0.006904
1 0.681747 0.475654 0.006662 0.005814
1 0.681625 0.484012 0.006904 0.006541
1 0.681989 0.491642 0.006662 0.006177
1 0.681504 0.50218 0.007146 0.006541
1 0.694101 0.48383 0.00642 0.005814
1 0.699794 0.508539 0.00642 0.008721
1 0.732316 0.511537 0.004118 0.009266
1 0.666727 0.634811 0.006177 0.006541
1 0.644319 0.687046 0.007389 0.009629
1 0.713966 0.832122 0.006662 0.006904
0 0.163094 0.190589 0.006662 0.006904
0 0.273195 0.53552 0.007873 0.017624
0 0.283612 0.535701 0.007389 0.017987
0 0.29415 0.535701 0.007873 0.017987
0 0.274164 0.414153 0.007873 0.017624
0 0.284339 0.414698 0.007389 0.017987
0 0.294634 0.415062 0.007873 0.017987
0 0.272832 0.592024 0.007873 0.017624
0 0.283491 0.592569 0.007389 0.017987
0 0.294029 0.592932 0.007873 0.017987
0 0.27368 0.471203 0.007873 0.017624
0 0.284096 0.471384 0.007389 0.017987
0 0.294392 0.472111 0.007873 0.017987
0 0.502725 0.854106 0.005935 0.005814
0 0.501575 0.812591 0.003634 0.009993
0 0.510719 0.799873 0.011265 0.012173
0 0.429142 0.6379 0.005087 0.014172
0 0.421391 0.634266 0.005814 0.013808
0 0.558382 0.749546 0.003876 0.009629
0 0.620882 0.707395 0.004118 0.009629
0 0.615431 0.707213 0.003876 0.010356
0 0.492975 0.55387 0.003876 0.008903
0 0.487888 0.55387 0.003876 0.009629
0 0.429627 0.562318 0.005572 0.014172
0 0.421754 0.561773 0.005572 0.013808
0 0.417454 0.582304 0.007146 0.006541
0 0.41806 0.507812 0.00642 0.005814
0 0.422481 0.48492 0.005087 0.014898
0 0.430233 0.471839 0.005572 0.014172
0 0.430475 0.413154 0.005572 0.014172
0 0.422481 0.412427 0.005087 0.014172
0 0.418181 0.432594 0.006662 0.006177
0 0.430838 0.337936 0.005329 0.014898
0 0.423086 0.337754 0.005572 0.014535
0 0.41915 0.35774 0.007631 0.006177
0 0.472747 0.302053 0.003876 0.009629
0 0.482013 0.297057 0.00642 0.005814
0 0.482134 0.305414 0.006177 0.005814
0 0.477834 0.286156 0.009448 0.007994
0 0.494186 0.282068 0.003634 0.009629
0 0.511265 0.282431 0.003634 0.008903
0 0.552326 0.308866 0.005329 0.013445
0 0.552568 0.334484 0.005329 0.013445
0 0.56359 0.304324 0.008963 0.007994
0 0.577883 0.304142 0.008963 0.007631
0 0.613433 0.253997 0.005935 0.005814
0 0.466388 0.236919 0.010538 0.02907
0 0.468387 0.204669 0.003876 0.008903
0 0.451793 0.223746 0.003876 0.010356
0 0.452277 0.239735 0.003634 0.009266
0 0.397953 0.220567 0.006662 0.006177
0 0.397832 0.228743 0.006177 0.005814
0 0.397832 0.254542 0.00642 0.005451
0 0.397711 0.262718 0.006662 0.005451
0 0.414668 0.203488 0.006662 0.005814
0 0.423147 0.203488 0.00642 0.005814
0 0.433685 0.204033 0.006904 0.006177
0 0.445918 0.204215 0.006904 0.005814
0 0.406613 0.1994 0.003876 0.009266
1 0.401647 0.199037 0.004603 0.009993
1 0.396439 0.199219 0.004603 0.010356
0 0.505935 0.205578 0.003634 0.009266
0 0.511143 0.215025 0.003876 0.009993
0 0.51078 0.232831 0.004118 0.009993
0 0.613857 0.238917 0.005814 0.015262
0 0.613614 0.217387 0.00436 0.009993
0 0.614826 0.199764 0.004118 0.009266
0 0.599261 0.218205 0.006177 0.006177
0 0.587209 0.19722 0.003634 0.009629
0 0.580729 0.192769 0.005935 0.014172
0 0.568798 0.193132 0.009205 0.008358
0 0.549903 0.187591 0.004118 0.009266
0 0.543847 0.187773 0.003876 0.008903
0 0.53876 0.166334 0.003876 0.009993
0 0.545543 0.17024 0.005087 0.013081
0 0.577519 0.143986 0.004118 0.010356
0 0.591085 0.14117 0.005814 0.005451
0 0.607376 0.159884 0.006177 0.015262
0 0.61422 0.159975 0.004118 0.009993
0 0.486374 0.17569 0.006662 0.005451
0 0.486374 0.166061 0.00642 0.006177
0 0.486495 0.153343 0.006662 0.006177
0 0.486131 0.14335 0.00642 0.005451
1 0.488614 0.206668 0.003876 0.011446
0 0.456819 0.119186 0.006177 0.005814
0 0.456214 0.12718 0.005935 0.005814
0 0.426296 0.118914 0.005935 0.005269
0 0.416485 0.118641 0.006662 0.005814
0 0.559654 0.082485 0.00642 0.006177
0 0.559896 0.090661 0.00642 0.005814
0 0.417575 0.656613 0.007389 0.007267
4 0.479893 0.896984 0.027374 0.041061
4 0.514293 0.160792 0.032703 0.048692
0 0.583576 0.120276 0.027132 0.028706
4 0.426114 0.239099 0.032703 0.049419
4 0.492006 0.236737 0.028101 0.042515
2 0.537306 0.226199 0.035853 0.053779
0 0.448098 0.61528 0.035005 0.052871
4 0.641655 0.228924 0.021439 0.040698
4 0.642139 0.168423 0.021439 0.040698
5 0.437439 0.300509 0.017078 0.012718
5 0.457062 0.313953 0.017078 0.012718
4 0.483043 0.340934 0.02689 0.031432
0 0.579639 0.22956 0.035005 0.052871
0 0.451005 0.387627 0.035005 0.052871
0 0.444586 0.506813 0.035005 0.052871
5 0.46978 0.553143 0.012234 0.011083
4 0.493641 0.69068 0.053658 0.057594
3 0.576732 0.694677 0.012234 0.012173
0 0.485465 0.773165 0.03343 0.052144
2 0.438348 0.739281 0.035853 0.056686
2 0.479046 0.833212 0.035853 0.056686
4 0.343326 0.712209 0.016836 0.026526
2 0.342781 0.368914 0.052083 0.059411
2 0.340722 0.519713 0.052083 0.059411
2 0.340964 0.592569 0.052083 0.059411
2 0.340722 0.669241 0.052083 0.059411
2 0.341449 0.444495 0.052083 0.059411
4 0.535368 0.849655 0.027859 0.043786
3 0.503149 0.302053 0.008236 0.019077
3 0.632207 0.335847 0.016352 0.012173
0 0.676599 0.291969 0.023498 0.061773
4 0.69725 0.126635 0.016109 0.014898
4 0.716751 0.484012 0.016836 0.014172
3 0.746245 0.500908 0.012839 0.012718
2 0.736797 0.562409 0.036095 0.053597
4 0.72626 0.627544 0.027616 0.042515
0 0.798995 0.690225 0.052931 0.082485
4 0.779009 0.805596 0.047844 0.104288
4 0.650133 0.804142 0.098958 0.15189
3 0.599443 0.938499 0.008236 0.018714
4 0.807716 0.918968 0.020954 0.042151
4 0.758176 0.918241 0.020954 0.042151
2 0.851986 0.861192 0.035853 0.054506
4 0.896318 0.859557 0.027374 0.042515
4 0.890746 0.783975 0.027374 0.042515
0 0.859496 0.950581 0.035853 0.055959
0 0.894864 0.696948 0.005572 0.013445
0 0.887779 0.751726 0.003513 0.009629
0 0.90189 0.755996 0.005814 0.005814
0 0.872093 0.751363 0.003876 0.009629
5 0.847202 0.708576 0.016109 0.012355
0 0.941315 0.852108 0.010538 0.02798
0 0.926296 0.851472 0.007631 0.01726
0 0.917878 0.852562 0.003876 0.010356
0 0.876332 0.862918 0.004603 0.010356
0 0.878513 0.889989 0.00436 0.009993
0 0.883842 0.890171 0.003876 0.010356
0 0.87173 0.814589 0.003634 0.009629
0 0.86634 0.814044 0.003513 0.009266
0 0.85017 0.814044 0.003634 0.009266
0 0.823704 0.844023 0.007389 0.016897
0 0.814801 0.843477 0.003876 0.009629
0 0.866219 0.770985 0.00642 0.005269
0 0.749273 0.633721 0.010417 0.028343
0 0.752907 0.661065 0.003876 0.009266
0 0.727955 0.660883 0.003876 0.009629
0 0.70258 0.658794 0.005935 0.005451
0 0.70258 0.666424 0.00642 0.006177
0 0.708333 0.614735 0.004118 0.009993
0 0.739886 0.720749 0.005935 0.005814
0 0.684835 0.934775 0.005572 0.013081
0 0.643956 0.945494 0.006177 0.005451
0 0.654554 0.919059 0.003876 0.009266
0 0.660368 0.90198 0.003876 0.009629
0 0.666303 0.90198 0.003876 0.008903
0 0.672299 0.901799 0.003513 0.009266
0 0.678052 0.901799 0.003876 0.009266
0 0.72735 0.514081 0.003876 0.008903
0 0.73383 0.492823 0.007631 0.017987
0 0.711301 0.37609 0.00642 0.005814
0 0.711301 0.368096 0.00642 0.005814
0 0.712028 0.295785 0.00642 0.005814
0 0.712028 0.287791 0.00642 0.005814
0 0.712028 0.316134 0.00642 0.005814
0 0.712028 0.30814 0.00642 0.005814
0 0.711785 0.335756 0.00642 0.005814
0 0.711785 0.327762 0.00642 0.005814
0 0.711543 0.356468 0.00642 0.005814
0 0.711543 0.348837 0.00642 0.005814
0 0.706456 0.177326 0.006177 0.005814
0 0.706214 0.18532 0.006177 0.005814
0 0.709121 0.241824 0.006177 0.005814
0 0.708878 0.249818 0.006177 0.005814
0 0.702217 0.20694 0.006177 0.005814
0 0.702217 0.214935 0.006177 0.005814
0 0.678234 0.159611 0.011991 0.01181
0 0.672662 0.182867 0.007873 0.017624
0 0.671754 0.214753 0.008721 0.019259
0 0.681383 0.215025 0.007389 0.017624
0 0.681383 0.192769 0.00642 0.005814
0 0.663033 0.186047 0.003876 0.008721
0 0.642321 0.268078 0.003876 0.009993
0 0.636991 0.268259 0.003634 0.009629
0 0.631238 0.255269 0.00642 0.005814
0 0.654373 0.131359 0.006177 0.005814
