1 0.109687 0.824167 0.059375 0.046667
1 0.104688 0.05 0.059375 0.046667
1 0.253437 0.825 0.059375 0.046667
1 0.257812 0.303333 0.059375 0.046667
1 0.105938 0.139167 0.059375 0.046667
1 0.108438 0.313333 0.059375 0.046667
1 0.254063 0.1375 0.059375 0.046667
1 0.397188 0.1325 0.059375 0.046667
1 0.257812 0.431667 0.059375 0.046667
1 0.399687 0.309167 0.059375 0.046667
1 0.398438 0.221667 0.059375 0.046667
1 0.253437 0.651667 0.059375 0.046667
1 0.402187 0.559167 0.059375 0.046667
1 0.402187 0.48 0.059375 0.046667
1 0.404687 0.9075 0.059375 0.046667
1 0.402187 0.65 0.059375 0.046667
1 0.288125 0.534583 0.035 0.084167
1 0.225 0.537917 0.035 0.084167
1 0.404687 0.735833 0.059375 0.046667
0 0.406562 0.824167 0.056875 0.045
0 0.402187 0.394167 0.058125 0.041667
