0 0.361875 0.110417 0.0425 0.030833
0 0.360625 0.057083 0.0425 0.030833
1 0.80875 0.562083 0.04125 0.034167
1 0.7775 0.067083 0.045 0.034167
1 0.7775 0.11875 0.045 0.034167
1 0.071875 0.46625 0.0425 0.030833
1 0.149375 0.46125 0.04625 0.034167
1 0.139063 0.043333 0.028125 0.058333
0 0.556875 0.597083 0.035 0.089167
0 0.615625 0.597917 0.03625 0.0875
0 0.530625 0.732083 0.03875 0.035833
1 0.53125 0.782083 0.04375 0.035833
5 0.80625 0.434583 0.11375 0.0675
5 0.659375 0.353333 0.11375 0.066667
1 0.811562 0.234167 0.025625 0.058333
1 0.750938 0.235833 0.025625 0.058333
0 0.922813 0.35 0.025625 0.06
0 0.956562 0.245 0.065625 0.053333
