1 0.668438 0.66 0.034375 0.085
0 0.380312 0.235833 0.035625 0.081667
1 0.048438 0.340833 0.035625 0.081667
1 0.184375 0.974583 0.06125 0.050833
0 0.22 0.475417 0.08875 0.065833
0 0.219375 0.599583 0.0875 0.064167
0 0.185 0.707917 0.06 0.045833
0 0.183438 0.79375 0.054375 0.045833
1 0.1925 0.370417 0.0625 0.0525
1 0.184375 0.877917 0.06125 0.050833
1 0.313437 0.235833 0.034375 0.085
1 0.380625 0.707083 0.0925 0.069167
1 0.355312 0.53625 0.054375 0.1275
5 0.60375 0.487083 0.07375 0.160833
1 0.444688 0.514167 0.034375 0.085
0 0.780312 0.70875 0.099375 0.2575
