4 0.472187 0.19 0.101875 0.138333
2 0.5725 0.450417 0.19 0.249167
0 0.570625 0.885 0.18 0.23
0 0.7575 0.7575 0.18 0.243333
0 0.728437 0.5625 0.058125 0.05
0 0.727812 0.484167 0.058125 0.05
0 0.480625 0.07125 0.04625 0.0375
0 0.709063 0.899583 0.030625 0.024167
0 0.364687 0.18125 0.030625 0.024167
0 0.366563 0.26375 0.030625 0.024167
0 0.562187 0.279583 0.030625 0.024167
0 0.891563 0.522917 0.030625 0.024167
0 0.957187 0.62875 0.030625 0.024167
1 0.365938 0.22375 0.034375 0.025833
1 0.889687 0.34625 0.034375 0.025833
1 0.201563 0.12125 0.034375 0.025833
1 0.200937 0.080417 0.034375 0.025833
1 0.365312 0.139583 0.034375 0.025833
1 0.364063 0.09875 0.034375 0.025833
1 0.822812 0.525417 0.034375 0.025833
1 0.822187 0.47875 0.034375 0.025833
1 0.823438 0.614583 0.034375 0.025833
1 0.824063 0.57375 0.034375 0.025833
1 0.891563 0.614583 0.034375 0.025833
1 0.892188 0.569583 0.034375 0.025833
1 0.890938 0.387917 0.034375 0.025833
1 0.892188 0.432083 0.034375 0.025833
1 0.822187 0.881667 0.019375 0.043333
1 0.555937 0.175833 0.019375 0.043333
1 0.917188 0.294167 0.019375 0.043333
1 0.732812 0.035 0.019375 0.043333
1 0.702187 0.036667 0.019375 0.043333
1 0.948438 0.295 0.019375 0.043333
1 0.979062 0.293333 0.019375 0.043333
0 0.9175 0.82 0.03625 0.076667
0 0.861875 0.820833 0.03625 0.076667
0 0.771563 0.898333 0.044375 0.035
1 0.725938 0.417083 0.048125 0.039167
