0 0.665625 0.409583 0.03 0.024167
0 0.436875 0.03375 0.03 0.024167
0 0.43625 0.070417 0.03 0.024167
0 0.368125 0.244583 0.03 0.024167
0 0.665 0.372083 0.03 0.024167
0 0.44125 0.414583 0.03 0.024167
0 0.44125 0.377917 0.03 0.024167
0 0.44125 0.487917 0.03 0.024167
0 0.44125 0.452083 0.03 0.024167
0 0.214062 0.7325 0.090625 0.063333
0 0.212188 0.640833 0.090625 0.063333
0 0.215 0.811667 0.04625 0.035
0 0.87375 0.613333 0.0175 0.04
0 0.58625 0.579167 0.0175 0.04
0 0.519375 0.272083 0.01625 0.040833
0 0.49125 0.27125 0.01625 0.040833
0 0.099375 0.921667 0.03 0.023333
1 0.010313 0.738333 0.019375 0.045
1 0.466562 0.775833 0.019375 0.045
1 0.044062 0.739167 0.019375 0.045
1 0.289062 0.9175 0.019375 0.045
1 0.476562 0.580833 0.019375 0.045
1 0.435937 0.778333 0.019375 0.045
1 0.589688 0.713333 0.019375 0.045
1 0.968437 0.613333 0.019375 0.045
1 0.907188 0.521667 0.019375 0.045
1 0.630938 0.270833 0.019375 0.045
1 0.464687 0.149167 0.019375 0.045
1 0.780312 0.615 0.019375 0.045
1 0.747812 0.615833 0.019375 0.045
1 0.840938 0.614167 0.019375 0.045
1 0.809688 0.615 0.019375 0.045
1 0.937187 0.613333 0.019375 0.045
1 0.907188 0.613333 0.019375 0.045
1 0.808438 0.521667 0.019375 0.045
1 0.773438 0.5225 0.019375 0.045
1 0.871563 0.5225 0.019375 0.045
1 0.841562 0.521667 0.019375 0.045
1 0.969063 0.52 0.019375 0.045
0 0.44 0.290417 0.0475 0.0375
0 0.601875 0.147917 0.01625 0.040833
0 0.57375 0.147917 0.01625 0.040833
1 0.559063 0.578333 0.019375 0.045
1 0.529687 0.579167 0.019375 0.045
1 0.947812 0.0275 0.019375 0.045
1 0.548438 0.271667 0.019375 0.045
1 0.575313 0.270833 0.019375 0.045
1 0.520312 0.148333 0.019375 0.045
2 0.214375 0.542083 0.08875 0.064167
1 0.100625 0.96125 0.03375 0.025833
1 0.520312 0.148333 0.019375 0.045
1 0.09875 0.837917 0.03375 0.025833
4 0.205625 0.930417 0.1 0.134167
5 0.042188 0.607083 0.064375 0.054167
4 0.91875 0.810417 0.13875 0.165833
0 0.61375 0.579167 0.0175 0.04
1 0.548438 0.1475 0.019375 0.045
1 0.07375 0.019583 0.0325 0.025833
1 0.07375 0.39375 0.0325 0.025833
1 0.07375 0.142917 0.0325 0.025833
1 0.074375 0.18375 0.0325 0.025833
1 0.36 0.02875 0.0325 0.025833
1 0.07375 0.247917 0.0325 0.025833
1 0.074375 0.06125 0.0325 0.025833
0 0.074063 0.1025 0.029375 0.023333
0 0.073125 0.316667 0.03 0.023333
4 0.552188 0.4275 0.118125 0.155
1 0.09875 0.87875 0.03375 0.025833
