0 0.41125 0.585833 0.08375 0.078333
0 0.344375 0.687917 0.02625 0.060833
2 0.15375 0.816667 0.29 0.366667
0 0.361563 0.985417 0.044375 0.029167
1 0.958438 0.777917 0.046875 0.035833
1 0.796562 0.36875 0.046875 0.035833
1 0.752812 0.60375 0.046875 0.035833
1 0.875938 0.365417 0.046875 0.035833
1 0.875313 0.299583 0.046875 0.035833
1 0.873437 0.237917 0.046875 0.035833
1 0.75625 0.504583 0.045 0.124167
1 0.871875 0.485417 0.045 0.124167
1 0.698125 0.215833 0.02625 0.063333
1 0.541875 0.383333 0.02625 0.063333
1 0.686875 0.3775 0.02625 0.063333
1 0.729375 0.378333 0.02625 0.063333
1 0.586875 0.3825 0.02625 0.063333
1 0.63375 0.38 0.02625 0.063333
1 0.53625 0.226667 0.02625 0.063333
0 0.7925 0.21125 0.02625 0.0625
0 0.181562 0.370833 0.283125 0.368333
