1 0.552188 0.472917 0.030625 0.025833
1 0.483438 0.30875 0.030625 0.025833
1 0.552188 0.225417 0.030625 0.025833
1 0.622812 0.305417 0.030625 0.025833
1 0.620938 0.220417 0.030625 0.025833
1 0.620313 0.12125 0.030625 0.025833
1 0.619687 0.162917 0.030625 0.025833
1 0.618437 0.04625 0.030625 0.025833
1 0.627812 0.699583 0.030625 0.025833
1 0.478438 0.060417 0.030625 0.025833
1 0.627812 0.63625 0.030625 0.025833
1 0.626563 0.594583 0.030625 0.025833
1 0.479063 0.100417 0.030625 0.025833
1 0.624687 0.427917 0.030625 0.025833
1 0.621563 0.264583 0.030625 0.025833
1 0.624062 0.390417 0.030625 0.025833
1 0.480938 0.225417 0.030625 0.025833
1 0.481563 0.182917 0.030625 0.025833
1 0.480938 0.142917 0.030625 0.025833
1 0.912813 0.47625 0.030625 0.025833
1 0.624687 0.470417 0.030625 0.025833
1 0.554063 0.304583 0.030625 0.025833
1 0.554688 0.36625 0.030625 0.025833
1 0.554063 0.555417 0.030625 0.025833
1 0.484687 0.557917 0.030625 0.025833
1 0.554688 0.635417 0.030625 0.025833
1 0.630313 0.844583 0.030625 0.025833
1 0.487812 0.72125 0.030625 0.025833
0 0.620625 0.085 0.03 0.023333
0 0.624062 0.346667 0.030625 0.023333
0 0.627188 0.554167 0.030625 0.023333
0 0.628437 0.77 0.030625 0.025
0 0.558438 0.84875 0.031875 0.025833
1 0.557187 0.72125 0.030625 0.025833
1 0.557187 0.769583 0.030625 0.025833
1 0.487812 0.772083 0.030625 0.025833
1 0.489687 0.849583 0.030625 0.025833
1 0.491563 0.93125 0.030625 0.025833
0 0.924375 0.692917 0.03 0.025833
0 0.914062 0.43625 0.031875 0.025833
0 0.91375 0.224167 0.03 0.025
1 0.625938 0.51125 0.030625 0.025833
1 0.569688 0.4175 0.019375 0.045
1 0.539062 0.4175 0.019375 0.045
