0 0.642188 0.565 0.055625 0.041667
0 0.635938 0.150417 0.091875 0.070833
0 0.946875 0.752917 0.03125 0.0775
0 0.744375 0.112917 0.03125 0.0775
0 0.484687 0.060833 0.060625 0.043333
0 0.640938 0.489167 0.055625 0.041667
0 0.640938 0.411667 0.055625 0.041667
0 0.639687 0.335833 0.055625 0.041667
0 0.80375 0.11125 0.03125 0.0775
0 0.169063 0.89125 0.183125 0.130833
2 0.170313 0.684583 0.183125 0.1275
1 0.92375 0.10625 0.03375 0.080833
1 0.7175 0.757917 0.03375 0.080833
1 0.863125 0.109583 0.03375 0.080833
1 0.88875 0.75125 0.03375 0.080833
1 0.828125 0.754583 0.03375 0.080833
4 0.87375 0.435417 0.2375 0.305833
