1 0.933125 0.325417 0.03625 0.079167
1 0.865 0.325417 0.03625 0.079167
1 0.170625 0.142917 0.03625 0.079167
1 0.1125 0.142917 0.03625 0.079167
1 0.7375 0.275417 0.03625 0.079167
1 0.86625 0.149583 0.03625 0.079167
1 0.928125 0.15125 0.03625 0.079167
1 0.801875 0.187083 0.03625 0.079167
1 0.713437 0.410833 0.059375 0.043333
1 0.305937 0.33 0.059375 0.043333
1 0.434688 0.33 0.059375 0.043333
1 0.527813 0.333333 0.059375 0.043333
0 0.305937 0.253333 0.056875 0.041667
0 0.620938 0.408333 0.056875 0.041667
0 0.529062 0.253333 0.056875 0.041667
0 0.434688 0.251667 0.056875 0.041667
0 0.73625 0.152083 0.0325 0.0775
3 0.125 0.338333 0.075 0.163333
