0 0.46 0.365 0.36 0.493333
0 0.6975 0.1875 0.05 0.12
1 0.62625 0.09625 0.035 0.0825
0 0.195625 0.430833 0.07625 0.15
0 0.960625 0.265417 0.07125 0.145833
1 0.7575 0.707083 0.03375 0.085833
1 0.57375 0.90125 0.0325 0.0825
1 0.638125 0.889583 0.0325 0.085833
1 0.701875 0.710417 0.03375 0.085833
1 0.56625 0.710417 0.03125 0.085833
1 0.635625 0.707083 0.0375 0.085833
0 0.703125 0.889583 0.03125 0.075833
1 0.845 0.88875 0.03875 0.0875
1 0.90625 0.890417 0.035 0.080833
1 0.960625 0.895417 0.035 0.080833
