4 0.325625 0.527083 0.14375 0.190833
4 0.329062 0.871667 0.141875 0.186667
4 0.322813 0.1825 0.141875 0.186667
2 0.6225 0.875833 0.2775 0.246667
2 0.610625 0.523333 0.2775 0.265
2 0.613125 0.169167 0.2775 0.265
0 0.965 0.800833 0.03875 0.078333
0 0.87625 0.101667 0.03875 0.078333
0 0.93125 0.099167 0.03875 0.078333
0 0.937813 0.437917 0.040625 0.080833
0 0.88375 0.439167 0.03875 0.078333
0 0.91 0.800833 0.03875 0.078333
0 0.268437 0.345 0.026875 0.063333
0 0.22625 0.34625 0.025 0.0625
0 0.314688 0.312917 0.029375 0.025833
0 0.20625 0.230833 0.03125 0.026667
1 0.206563 0.195 0.031875 0.026667
1 0.214062 0.14375 0.019375 0.044167
0 0.270937 0.69 0.026875 0.063333
0 0.23 0.69125 0.025 0.0625
0 0.317188 0.657917 0.029375 0.025833
0 0.2125 0.921667 0.03125 0.026667
1 0.212188 0.885 0.031875 0.026667
1 0.219688 0.832083 0.019375 0.044167
0 0.21 0.575 0.03125 0.026667
1 0.209687 0.5375 0.031875 0.026667
1 0.215938 0.487083 0.019375 0.044167
