4 0.709688 0.637083 0.295625 0.2775
0 0.839688 0.210417 0.080625 0.1975
0 0.506563 0.088333 0.024375 0.058333
0 0.877188 0.415833 0.024375 0.058333
0 0.674687 0.419167 0.024375 0.058333
4 0.656875 0.177917 0.2225 0.289167
0 0.464687 0.409583 0.044375 0.034167
0 0.465313 0.466667 0.044375 0.036667
0 0.780937 0.852083 0.045625 0.034167
1 0.578438 0.982083 0.045625 0.034167
1 0.819688 0.405 0.045625 0.036667
1 0.171563 0.245833 0.045625 0.036667
1 0.582812 0.855833 0.045625 0.036667
1 0.582812 0.9125 0.045625 0.036667
1 0.679063 0.855 0.045625 0.036667
1 0.678438 0.905833 0.045625 0.036667
1 0.16 0.776667 0.02625 0.063333
1 0.675312 0.901667 0.045625 0.036667
1 0.759375 0.420833 0.02625 0.063333
1 0.716875 0.418333 0.02625 0.063333
1 0.553125 0.4225 0.02625 0.063333
1 0.505 0.599167 0.02625 0.063333
1 0.45375 0.601667 0.02625 0.063333
1 0.304375 0.774167 0.02625 0.063333
1 0.245625 0.775 0.02625 0.063333
1 0.20375 0.775 0.02625 0.063333
1 0.158125 0.389167 0.02625 0.063333
1 0.115625 0.6225 0.02625 0.063333
1 0.334375 0.603333 0.02625 0.063333
1 0.29125 0.601667 0.02625 0.063333
1 0.244375 0.605 0.02625 0.063333
