0 0.2175 0.22375 0.0375 0.0925
0 0.410938 0.281667 0.055625 0.113333
0 0.493437 0.279167 0.058125 0.111667
0 0.739062 0.1275 0.066875 0.048333
0 0.7375 0.047917 0.0475 0.034167
0 0.709375 0.69625 0.085 0.0775
0 0.221562 0.744167 0.025625 0.063333
0 0.075938 0.874167 0.028125 0.061667
0 0.076563 0.971667 0.026875 0.055
1 0.411562 0.7425 0.028125 0.063333
1 0.71 0.904167 0.07 0.056667
1 0.474375 0.92375 0.04625 0.0375
1 0.327188 0.740833 0.028125 0.063333
1 0.172813 0.61 0.028125 0.063333
1 0.122188 0.611667 0.028125 0.063333
1 0.175313 0.7425 0.028125 0.063333
1 0.128438 0.750833 0.028125 0.063333
1 0.555312 0.193333 0.028125 0.063333
1 0.222812 0.61 0.028125 0.063333
1 0.371563 0.740833 0.028125 0.063333
1 0.262188 0.606667 0.028125 0.063333
1 0.162812 0.155833 0.028125 0.063333
1 0.473125 0.867083 0.04625 0.0375
1 0.473125 0.80375 0.04625 0.0375
0 0.69125 0.4275 0.275 0.37
