1 0.18625 0.836667 0.045 0.036667
1 0.298125 0.201667 0.045 0.036667
1 0.369375 0.2 0.045 0.036667
1 0.52875 0.360833 0.045 0.036667
1 0.23625 0.484167 0.045 0.036667
1 0.22625 0.410833 0.045 0.036667
1 0.62375 0.62 0.045 0.036667
1 0.62375 0.671667 0.045 0.036667
1 0.625625 0.731667 0.045 0.036667
1 0.625625 0.788333 0.045 0.036667
1 0.62625 0.845 0.045 0.036667
1 0.701875 0.845833 0.045 0.036667
1 0.7025 0.9025 0.045 0.036667
1 0.77625 0.920833 0.045 0.036667
1 0.203125 0.91875 0.02875 0.065833
1 0.328125 0.394583 0.02875 0.065833
1 0.3725 0.39125 0.02875 0.065833
4 0.44375 0.62625 0.22 0.285833
0 0.110625 0.857083 0.0275 0.060833
0 0.281875 0.394583 0.0275 0.060833
0 0.411875 0.39125 0.0275 0.060833
0 0.29 0.85375 0.0275 0.060833
0 0.245 0.854583 0.0275 0.060833
0 0.2375 0.5375 0.045 0.035
0 0.529375 0.420833 0.045 0.035
