0 0.201875 0.070833 0.03125 0.026667
1 0.202813 0.035 0.031875 0.026667
4 0.32125 0.36625 0.14375 0.190833
0 0.264062 0.184167 0.026875 0.063333
0 0.221875 0.185417 0.025 0.0625
0 0.309688 0.152083 0.029375 0.025833
0 0.205625 0.415 0.03125 0.026667
1 0.204063 0.378333 0.031875 0.026667
1 0.210313 0.325417 0.019375 0.0425
0 0.322813 0.50625 0.029375 0.024167
0 0.134375 0.269583 0.0525 0.1275
0 0.114062 0.415417 0.028125 0.060833
0 0.155312 0.415833 0.026875 0.063333
0 0.392813 0.604583 0.039375 0.079167
0 0.471562 0.602917 0.039375 0.079167
2 0.134687 0.612917 0.269375 0.239167
2 0.608125 0.3575 0.2775 0.265
1 0.100312 0.770833 0.019375 0.045
1 0.559063 0.630417 0.033125 0.025833
1 0.607187 0.630417 0.033125 0.025833
1 0.544063 0.705833 0.018125 0.045
0 0.594375 0.705417 0.0175 0.044167
0 0.625938 0.704167 0.018125 0.041667
