0 0.141563 0.054167 0.058125 0.04
0 0.444375 0.249583 0.0325 0.079167
0 0.502188 0.247917 0.029375 0.075833
1 0.386875 0.24375 0.03375 0.084167
1 0.450625 0.527083 0.03375 0.084167
1 0.32625 0.245417 0.03375 0.084167
1 0.979375 0.325417 0.03375 0.084167
1 0.215625 0.24875 0.03875 0.084167
1 0.7825 0.325417 0.03375 0.084167
1 0.915625 0.32375 0.03375 0.084167
1 0.980625 0.13125 0.03375 0.084167
1 0.83875 0.132917 0.03375 0.084167
1 0.91125 0.13125 0.03375 0.084167
1 0.849375 0.327083 0.03375 0.084167
1 0.19125 0.659583 0.03625 0.084167
1 0.128125 0.662917 0.03625 0.084167
