1 0.501875 0.498333 0.02625 0.065
1 0.735 0.060833 0.02625 0.065
1 0.67125 0.0625 0.02625 0.065
1 0.543125 0.496667 0.02625 0.065
1 0.651875 0.496667 0.02625 0.065
1 0.38875 0.0725 0.02625 0.065
1 0.43625 0.0725 0.02625 0.065
1 0.49 0.074167 0.02625 0.065
1 0.596875 0.498333 0.02625 0.065
1 0.496875 0.661667 0.04875 0.036667
1 0.710625 0.185833 0.04875 0.036667
1 0.496875 0.598333 0.04875 0.036667
1 0.4725 0.84375 0.04 0.095833
0 0.700625 0.306667 0.02625 0.06
0 0.389375 0.216667 0.025 0.058333
0 0.389375 0.323333 0.0275 0.06
0 0.9675 0.615 0.045 0.033333
0 0.96875 0.674167 0.045 0.035
0 0.97 0.908333 0.045 0.033333
0 0.97 0.963333 0.045 0.033333
0 0.52375 0.811667 0.0275 0.058333
4 0.543438 0.26875 0.124375 0.169167
4 0.740625 0.814167 0.265 0.348333
