0 0.3125 0.239167 0.045 0.035
0 0.313125 0.296667 0.045 0.035
0 0.18125 0.41 0.04875 0.035
0 0.11125 0.41375 0.05 0.039167
0 0.0425 0.415833 0.04875 0.041667
0 0.246562 0.439583 0.028125 0.0625
0 0.784375 0.14125 0.0425 0.0975
0 0.85125 0.14 0.0425 0.096667
0 0.92 0.08875 0.04625 0.039167
0 0.760312 0.494583 0.046875 0.0425
0 0.791875 0.673333 0.03875 0.096667
0 0.855313 0.672083 0.043125 0.099167
0 0.925 0.621667 0.04125 0.036667
1 0.182188 0.472083 0.050625 0.039167
1 0.044062 0.474583 0.050625 0.039167
1 0.764687 0.97375 0.050625 0.039167
1 0.112812 0.470417 0.050625 0.039167
1 0.314688 0.35375 0.050625 0.039167
1 0.759062 0.43625 0.050625 0.039167
1 0.774687 0.89 0.031875 0.066667
1 0.287187 0.44 0.031875 0.066667
1 0.331562 0.438333 0.031875 0.066667
1 0.769062 0.358333 0.031875 0.066667
0 0.41375 0.817083 0.2825 0.364167
