1 0.157812 0.572083 0.096875 0.074167
0 0.158125 0.878333 0.115 0.098333
0 0.156875 0.713333 0.115 0.098333
0 0.504062 0.800833 0.058125 0.043333
1 0.504687 0.896667 0.061875 0.048333
1 0.860938 0.328333 0.061875 0.051667
1 0.505938 0.515833 0.061875 0.048333
1 0.504687 0.608333 0.061875 0.048333
1 0.360312 0.708333 0.061875 0.048333
1 0.359063 0.803333 0.061875 0.048333
1 0.359063 0.903333 0.061875 0.048333
1 0.940625 0.322083 0.03625 0.084167
1 0.56375 0.320417 0.03875 0.084167
1 0.629375 0.320417 0.035 0.084167
1 0.694375 0.320417 0.03625 0.084167
1 0.75625 0.320417 0.03625 0.084167
1 0.504687 0.426667 0.061875 0.051667
4 0.788438 0.687083 0.291875 0.389167
