1 0.2675 0.434167 0.0475 0.06
1 0.145625 0.264167 0.0475 0.068333
1 0.026875 0.2675 0.0475 0.068333
1 0.026562 0.396667 0.043125 0.068333
0 0.648438 0.740833 0.044375 0.035
0 0.410313 0.638333 0.044375 0.035
0 0.504687 0.631667 0.044375 0.035
0 0.575313 0.628333 0.044375 0.035
0 0.975625 0.645417 0.03375 0.0875
0 0.727187 0.54625 0.026875 0.060833
0 0.771563 0.417917 0.026875 0.060833
0 0.819688 0.415417 0.026875 0.060833
0 0.867188 0.41375 0.026875 0.060833
0 0.914062 0.412917 0.026875 0.060833
1 0.715938 0.739167 0.043125 0.033333
1 0.410313 0.693333 0.043125 0.033333
1 0.507188 0.686667 0.043125 0.033333
1 0.576562 0.686667 0.043125 0.033333
1 0.263437 0.560417 0.029375 0.0625
1 0.530312 0.424583 0.029375 0.0625
1 0.569688 0.424583 0.029375 0.0625
1 0.725313 0.419583 0.029375 0.0625
1 0.822187 0.54125 0.029375 0.0625
1 0.869687 0.539583 0.029375 0.0625
1 0.919687 0.539583 0.029375 0.0625
1 0.875938 0.667917 0.029375 0.0625
1 0.825313 0.670417 0.029375 0.0625
1 0.775937 0.572917 0.029375 0.0625
1 0.730313 0.637917 0.029375 0.0625
1 0.308437 0.560417 0.029375 0.0625
3 0.277813 0.704583 0.054375 0.124167
