1 0.612812 0.239583 0.060625 0.040833
1 0.461562 0.122083 0.060625 0.040833
1 0.609062 0.465 0.060625 0.045
1 0.612187 0.11 0.060625 0.045
1 0.759062 0.46 0.060625 0.045
1 0.755313 0.115 0.060625 0.045
1 0.754062 0.029167 0.060625 0.045
1 0.757188 0.37 0.060625 0.045
1 0.757812 0.29 0.060625 0.045
1 0.761563 0.5475 0.060625 0.045
1 0.470313 0.98 0.060625 0.04
1 0.610313 0.636667 0.060625 0.045
1 0.465313 0.636667 0.060625 0.045
1 0.64375 0.34625 0.03375 0.080833
1 0.579375 0.34625 0.03375 0.080833
1 0.762188 0.720833 0.060625 0.045
1 0.764687 0.808333 0.060625 0.045
1 0.764687 0.940833 0.060625 0.045
1 0.613437 0.805 0.060625 0.045
1 0.615938 0.978333 0.060625 0.04
0 0.762188 0.635 0.059375 0.045
0 0.758437 0.201667 0.059375 0.045
