4 0.31125 0.205 0.14625 0.195
0 0.984062 0.45625 0.019375 0.0425
0 0.140625 0.234583 0.03 0.025833
0 0.745625 0.590417 0.03 0.025833
0 0.806875 0.589583 0.03 0.025833
0 0.852812 0.589583 0.030625 0.025833
0 0.8975 0.664583 0.03 0.025833
0 0.952187 0.539583 0.019375 0.0425
3 0.658125 0.63125 0.0375 0.0825
1 0.655 0.45375 0.0325 0.0475
1 0.49875 0.337917 0.0325 0.0475
1 0.4975 0.419583 0.0325 0.0475
1 0.576875 0.337083 0.0325 0.0475
0 0.134063 0.038333 0.019375 0.043333
1 0.58 0.02125 0.03375 0.0425
1 0.943125 0.665417 0.03375 0.025833
1 0.53375 0.11375 0.03375 0.025833
1 0.745 0.627917 0.03375 0.025833
1 0.808125 0.627917 0.03375 0.025833
1 0.8525 0.627917 0.03375 0.025833
1 0.95375 0.598333 0.02 0.043333
1 0.65125 0.535833 0.02 0.043333
1 0.67875 0.5375 0.02 0.043333
1 0.82625 0.454167 0.02 0.043333
1 0.8525 0.455 0.02 0.043333
1 0.95375 0.456667 0.02 0.043333
1 0.984375 0.555833 0.02 0.043333
