1 0.69375 0.327917 0.04625 0.0375
1 0.584375 0.45375 0.04625 0.0375
1 0.694375 0.447917 0.04625 0.0375
1 0.584375 0.32625 0.04625 0.0375
1 0.69 0.95625 0.04625 0.0375
1 0.584375 0.13375 0.04625 0.0375
1 0.584375 0.072083 0.04625 0.0375
1 0.585625 0.259583 0.04625 0.0375
1 0.585625 0.197917 0.04625 0.034167
1 0.79875 0.23375 0.04625 0.0375
1 0.80125 0.16875 0.04625 0.030833
1 0.79875 0.390417 0.04625 0.0375
1 0.79875 0.324583 0.04625 0.035833
1 0.79875 0.64125 0.04625 0.0375
1 0.8 0.58125 0.04625 0.030833
1 0.79875 0.770417 0.04625 0.0375
1 0.79875 0.707083 0.04625 0.030833
1 0.79875 0.96125 0.04625 0.0375
1 0.79875 0.897083 0.04625 0.035833
1 0.68875 0.70625 0.04625 0.035833
1 0.693125 0.542917 0.04625 0.035833
1 0.799375 0.452917 0.04625 0.030833
1 0.8 0.055417 0.04625 0.035833
1 0.581875 0.832083 0.04625 0.035833
1 0.6875 0.835417 0.04625 0.0375
0 0.80125 0.11625 0.04375 0.0325
1 0.714688 0.621667 0.028125 0.066667
1 0.667188 0.621667 0.028125 0.066667
0 0.800625 0.517083 0.045 0.035833
0 0.799375 0.835417 0.045 0.035833
