1 0.696562 0.753333 0.026875 0.063333
1 0.079062 0.628333 0.026875 0.063333
1 0.117813 0.628333 0.026875 0.063333
1 0.274062 0.625 0.026875 0.063333
1 0.322188 0.7775 0.026875 0.063333
1 0.275938 0.845 0.026875 0.063333
1 0.372188 0.878333 0.026875 0.063333
1 0.421563 0.8775 0.026875 0.063333
1 0.466562 0.75 0.026875 0.063333
1 0.415312 0.748333 0.026875 0.063333
1 0.368437 0.749167 0.026875 0.063333
1 0.653438 0.753333 0.026875 0.063333
1 0.749687 0.105833 0.046875 0.035
1 0.260313 0.945833 0.046875 0.035
1 0.122188 0.891667 0.046875 0.035
1 0.053437 0.8925 0.046875 0.035
1 0.600938 0.85125 0.038125 0.090833
1 0.774062 0.607083 0.070625 0.059167
1 0.776563 0.72125 0.070625 0.059167
0 0.52125 0.855833 0.03375 0.083333
0 0.46 0.6225 0.025 0.06
0 0.27375 0.751667 0.025 0.06
0 0.31875 0.625 0.025 0.06
0 0.36625 0.624167 0.025 0.06
0 0.414375 0.623333 0.025 0.06
0 0.051875 0.835417 0.0425 0.030833
0 0.191875 0.94625 0.0425 0.030833
0 0.12125 0.832917 0.0425 0.030833
