5 0.168437 0.162083 0.094375 0.0725
2 0.433437 0.058333 0.134375 0.093333
0 0.435312 0.207917 0.133125 0.0925
0 0.434063 0.350833 0.133125 0.096667
0 0.435 0.473333 0.07 0.051667
0 0.25875 0.644583 0.045 0.0375
0 0.260625 0.77125 0.04375 0.0325
0 0.560625 0.794583 0.0475 0.0375
1 0.960938 0.109167 0.028125 0.06
1 0.834063 0.110833 0.028125 0.06
1 0.170313 0.365 0.028125 0.06
1 0.118438 0.365 0.028125 0.06
1 0.822812 0.415 0.028125 0.06
1 0.549063 0.633333 0.028125 0.06
1 0.915312 0.110833 0.028125 0.06
1 0.26 0.70625 0.0475 0.039167
1 0.2575 0.580417 0.0475 0.039167
1 0.255 0.51625 0.0475 0.039167
1 0.774687 0.415 0.028125 0.06
4 0.423125 0.65875 0.1575 0.199167
