0 0.755625 0.130833 0.06 0.115
0 0.68 0.1325 0.06 0.115
0 0.458125 0.135833 0.06 0.115
0 0.383125 0.135833 0.06 0.115
0 0.309375 0.14 0.06 0.115
0 0.234375 0.14 0.06 0.115
0 0.160625 0.140833 0.06 0.115
0 0.086875 0.144167 0.06 0.115
0 0.60625 0.134167 0.06 0.115
0 0.53125 0.135 0.06 0.115
0 0.760625 0.525 0.06 0.115
0 0.685 0.528333 0.06 0.115
0 0.464375 0.531667 0.06 0.115
0 0.39 0.531667 0.06 0.115
0 0.31375 0.530833 0.06 0.115
0 0.239375 0.535 0.06 0.115
0 0.16375 0.535833 0.06 0.115
0 0.090625 0.538333 0.06 0.115
0 0.611875 0.53 0.06 0.115
0 0.536875 0.531667 0.06 0.115
0 0.7575 0.330833 0.06 0.115
0 0.6825 0.33 0.06 0.115
0 0.460625 0.334167 0.06 0.115
0 0.38625 0.335833 0.06 0.115
0 0.3125 0.336667 0.06 0.115
0 0.238125 0.34 0.06 0.115
0 0.1625 0.340833 0.06 0.115
0 0.08875 0.340833 0.06 0.115
0 0.60875 0.3325 0.06 0.115
0 0.53375 0.3325 0.06 0.115
