1 0.144375 0.122917 0.03625 0.084167
1 0.029375 0.12625 0.03625 0.084167
0 0.218438 0.413333 0.056875 0.041667
0 0.218438 0.335833 0.056875 0.041667
0 0.115 0.769583 0.03125 0.075833
0 0.056875 0.772917 0.03125 0.075833
1 0.92125 0.639583 0.035 0.080833
1 0.395625 0.842083 0.035 0.080833
1 0.519375 0.644583 0.035 0.080833
1 0.45 0.647917 0.035 0.080833
1 0.85875 0.637917 0.035 0.080833
1 0.59125 0.83875 0.03125 0.080833
1 0.4625 0.840417 0.035 0.080833
1 0.590625 0.642917 0.035 0.080833
1 0.72875 0.64125 0.035 0.080833
1 0.65375 0.644583 0.035 0.080833
1 0.793125 0.83375 0.035 0.080833
1 0.92125 0.82875 0.035 0.080833
1 0.85875 0.832083 0.035 0.080833
1 0.526875 0.837083 0.03125 0.080833
0 0.6575 0.837917 0.0325 0.079167
1 0.72875 0.835 0.03625 0.083333
