0 0.834375 0.557083 0.03875 0.0775
0 0.7875 0.557917 0.03875 0.0775
0 0.739375 0.559583 0.03875 0.0775
0 0.691562 0.559583 0.040625 0.0775
0 0.6425 0.559167 0.03875 0.08
0 0.593125 0.560417 0.03875 0.0775
0 0.93125 0.556667 0.0375 0.076667
0 0.883125 0.5575 0.03875 0.078333
0 0.544375 0.562083 0.03875 0.0775
0 0.496875 0.560833 0.03875 0.08
0 0.83125 0.170417 0.03875 0.0775
0 0.784375 0.170417 0.03875 0.0775
0 0.73625 0.172083 0.03875 0.0775
0 0.688125 0.172917 0.03875 0.0775
0 0.63875 0.1725 0.03875 0.08
0 0.59 0.172917 0.03875 0.0775
0 0.92875 0.17 0.0375 0.076667
0 0.880625 0.1725 0.03875 0.078333
0 0.542188 0.174167 0.040625 0.08
0 0.494375 0.174167 0.03875 0.08
0 0.834375 0.300417 0.03875 0.0775
0 0.785 0.300417 0.04 0.0775
0 0.738125 0.30125 0.03875 0.0775
0 0.68875 0.302083 0.03875 0.0775
0 0.640625 0.301667 0.03875 0.08
0 0.593125 0.30125 0.04 0.0775
0 0.930625 0.3 0.0375 0.076667
0 0.8825 0.299167 0.03875 0.078333
0 0.544063 0.303333 0.040625 0.08
0 0.495 0.305417 0.03875 0.0775
0 0.834375 0.42875 0.03875 0.0775
0 0.786875 0.42875 0.03875 0.0775
0 0.738125 0.429583 0.03875 0.0775
0 0.690625 0.43125 0.03875 0.0775
0 0.64125 0.43 0.03875 0.08
0 0.593125 0.43125 0.03875 0.0775
0 0.930625 0.4275 0.0375 0.076667
0 0.883125 0.428333 0.03875 0.078333
0 0.544687 0.434167 0.040625 0.076667
0 0.49625 0.43375 0.03875 0.0775
