1 0.113437 0.885 0.059375 0.045
1 0.099062 0.020833 0.059375 0.041667
1 0.112187 0.7825 0.059375 0.045
1 0.108438 0.536667 0.059375 0.045
1 0.107188 0.449167 0.059375 0.045
1 0.104688 0.365833 0.059375 0.045
1 0.103438 0.275 0.059375 0.045
1 0.100937 0.190833 0.059375 0.045
1 0.100937 0.101667 0.059375 0.045
1 0.110937 0.708333 0.059375 0.045
1 0.108438 0.624167 0.059375 0.045
1 0.247812 0.701667 0.061875 0.045
1 0.676875 0.95875 0.035 0.080833
0 0.68 0.771667 0.0725 0.16
4 0.494375 0.686667 0.1675 0.093333
3 0.8275 0.846667 0.12 0.1
