4 0.618437 0.320833 0.298125 0.383333
0 0.865938 0.359167 0.100625 0.263333
0 0.41375 0.199583 0.03125 0.074167
0 0.92 0.637083 0.03125 0.074167
0 0.64625 0.645417 0.03125 0.074167
0 0.365312 0.710833 0.056875 0.045
0 0.361563 0.635 0.056875 0.045
1 0.13 0.90125 0.0325 0.0825
1 0.481875 0.650417 0.0325 0.0825
1 0.7025 0.642083 0.0325 0.0825
1 0.760625 0.64375 0.0325 0.0825
1 0.066875 0.904583 0.0325 0.0825
1 0.349375 0.897917 0.0325 0.0825
1 0.4175 0.89125 0.0325 0.0825
1 0.188125 0.90125 0.0325 0.0825
1 0.840313 0.621667 0.059375 0.046667
