0 0.872188 0.136667 0.060625 0.041667
0 0.432188 0.065833 0.060625 0.041667
0 0.540312 0.065833 0.060625 0.041667
1 0.771563 0.139167 0.063125 0.046667
1 0.672188 0.065 0.063125 0.046667
0 0.873437 0.059167 0.060625 0.041667
1 0.770312 0.061667 0.063125 0.046667
1 0.435312 0.146667 0.063125 0.045
1 0.763437 0.809167 0.060625 0.045
1 0.424063 0.819167 0.060625 0.045
1 0.518437 0.815833 0.060625 0.045
1 0.633437 0.814167 0.060625 0.045
0 0.763437 0.886667 0.060625 0.045
0 0.425312 0.896667 0.060625 0.045
0 0.518437 0.893333 0.060625 0.045
0 0.633437 0.893333 0.060625 0.045
0 0.338125 0.857917 0.03375 0.0775
1 0.284375 0.857083 0.035 0.0825
1 0.225625 0.85875 0.03625 0.079167
