0 0.786875 0.077917 0.0425 0.030833
0 0.49125 0.032917 0.0425 0.030833
0 0.56125 0.032917 0.0425 0.030833
0 0.786875 0.02625 0.0425 0.030833
1 0.719375 0.079583 0.0425 0.030833
1 0.49125 0.087917 0.0425 0.030833
1 0.65125 0.029583 0.0425 0.030833
1 0.718125 0.02625 0.0425 0.030833
1 0.892813 0.314167 0.064375 0.05
1 0.805937 0.713333 0.026875 0.056667
1 0.149062 0.915833 0.026875 0.06
1 0.392813 0.565 0.026875 0.056667
1 0.714375 0.532083 0.04375 0.0375
0 0.716875 0.58375 0.04375 0.034167
1 0.4875 0.540417 0.04375 0.0375
0 0.48875 0.592083 0.04375 0.034167
1 0.550625 0.537083 0.04375 0.0375
0 0.551875 0.58875 0.04375 0.034167
1 0.628125 0.535417 0.04375 0.0375
0 0.629375 0.587083 0.04375 0.034167
0 0.884687 0.586667 0.024375 0.055
0 0.765938 0.713333 0.024375 0.056667
0 0.772813 0.819167 0.023125 0.055
0 0.878125 0.79875 0.07125 0.179167
1 0.36875 0.657083 0.04375 0.034167
0 0.429063 0.5675 0.024375 0.055
0 0.371875 0.982917 0.0425 0.0325
0 0.368125 0.707917 0.0425 0.0325
0 0.369375 0.76125 0.0425 0.0325
0 0.370625 0.929583 0.0425 0.0325
1 0.352812 0.568333 0.026875 0.06
4 0.5775 0.819167 0.24125 0.313333
