0 0.942187 0.904583 0.039375 0.080833
0 0.894687 0.906667 0.040625 0.083333
0 0.844063 0.90625 0.039375 0.080833
0 0.798125 0.907917 0.03875 0.079167
0 0.942813 0.519583 0.039375 0.080833
0 0.895312 0.523333 0.040625 0.083333
0 0.844688 0.519583 0.039375 0.080833
0 0.797188 0.523333 0.040625 0.083333
0 0.944063 0.64875 0.039375 0.080833
0 0.894062 0.649167 0.040625 0.083333
0 0.845938 0.650417 0.039375 0.080833
0 0.797188 0.649167 0.040625 0.083333
0 0.942813 0.777083 0.039375 0.080833
0 0.895312 0.779167 0.040625 0.083333
0 0.845938 0.77875 0.039375 0.080833
0 0.798438 0.779167 0.040625 0.083333
