4 0.718125 0.58 0.22 0.288333
0 0.704375 0.778333 0.04375 0.033333
0 0.53625 0.653333 0.045 0.036667
0 0.6325 0.830417 0.03875 0.095833
0 0.5675 0.83375 0.03625 0.095833
1 0.535625 0.5975 0.04875 0.04
0 0.699375 0.244167 0.04375 0.033333
0 0.53375 0.119167 0.045 0.036667
0 0.6275 0.29625 0.03875 0.095833
0 0.56625 0.29625 0.03625 0.095833
1 0.533125 0.063333 0.04875 0.04
1 0.546875 0.5175 0.0275 0.063333
0 0.09125 0.928333 0.04375 0.03
0 0.090625 0.983333 0.045 0.033333
0 0.08875 0.635 0.04375 0.03
0 0.090625 0.693333 0.045 0.033333
0 0.175625 0.3 0.27875 0.375
