0 0.595938 0.6275 0.031875 0.023333
0 0.383437 0.594167 0.031875 0.023333
0 0.434688 0.594167 0.031875 0.023333
0 0.595938 0.589167 0.031875 0.023333
1 0.755 0.597083 0.0325 0.0275
1 0.49875 0.592917 0.0325 0.0275
1 0.54625 0.59125 0.0325 0.0275
1 0.545625 0.629583 0.0325 0.0275
1 0.38375 0.632083 0.0325 0.0275
0 0.757188 0.744167 0.030625 0.023333
0 0.757812 0.85 0.030625 0.023333
0 0.755938 0.699167 0.030625 0.023333
0 0.756563 0.805 0.030625 0.025
1 0.670625 0.7975 0.0475 0.038333
1 0.28375 0.974167 0.01875 0.043333
0 0.755313 0.801667 0.030625 0.023333
1 0.835625 0.978333 0.01875 0.043333
0 0.33875 0.975833 0.0175 0.04
1 0.38 0.955833 0.0325 0.025
1 0.544063 0.987083 0.034375 0.025833
1 0.542813 0.952917 0.034375 0.025833
1 0.311875 0.974167 0.01875 0.043333
4 0.902813 0.77625 0.174375 0.2275
