1 0.900625 0.042917 0.035 0.084167
1 0.59375 0.62375 0.035 0.084167
1 0.8175 0.042917 0.035 0.084167
1 0.793125 0.620417 0.035 0.084167
1 0.646875 0.62375 0.035 0.084167
1 0.440625 0.057917 0.035 0.084167
1 0.576875 0.057917 0.035 0.084167
1 0.505 0.05625 0.035 0.084167
1 0.72125 0.620417 0.035 0.084167
1 0.870313 0.206667 0.063125 0.046667
1 0.585938 0.755833 0.063125 0.046667
1 0.588437 0.843333 0.063125 0.046667
0 0.442812 0.248333 0.031875 0.071667
0 0.443437 0.389583 0.033125 0.075833
0 0.856563 0.367917 0.033125 0.0775
4 0.648125 0.3175 0.16875 0.226667
