0 0.850625 0.23 0.03875 0.078333
0 0.899375 0.23125 0.03875 0.0775
0 0.755 0.488333 0.03875 0.078333
0 0.803438 0.48875 0.040625 0.0775
0 0.851875 0.486667 0.03875 0.078333
0 0.900312 0.487083 0.040625 0.0775
0 0.754375 0.231667 0.03875 0.078333
0 0.802188 0.23125 0.040625 0.0775
0 0.946875 0.229167 0.04 0.076667
0 0.94875 0.488333 0.04 0.076667
0 0.754375 0.103333 0.03875 0.078333
0 0.800937 0.102083 0.038125 0.0775
0 0.850625 0.101667 0.03875 0.078333
0 0.897813 0.102083 0.038125 0.0775
0 0.94625 0.100833 0.04 0.076667
0 0.754062 0.36 0.040625 0.078333
0 0.803438 0.360417 0.038125 0.0775
0 0.851875 0.36 0.03875 0.078333
0 0.900937 0.359583 0.038125 0.0775
0 0.948125 0.36 0.04 0.076667
