1 0.957187 0.25625 0.029375 0.069167
1 0.715313 0.270417 0.029375 0.069167
1 0.769687 0.69125 0.029375 0.069167
1 0.729688 0.689583 0.029375 0.069167
1 0.660937 0.26875 0.029375 0.069167
1 0.613437 0.26875 0.029375 0.069167
1 0.877188 0.687917 0.029375 0.069167
1 0.823438 0.687917 0.029375 0.069167
1 0.959688 0.132083 0.029375 0.069167
1 0.914687 0.13875 0.029375 0.069167
1 0.893437 0.25625 0.029375 0.069167
1 0.660937 0.142083 0.029375 0.069167
1 0.612187 0.14375 0.029375 0.069167
1 0.772188 0.13875 0.029375 0.069167
1 0.714688 0.13875 0.029375 0.069167
1 0.934063 0.377083 0.048125 0.0375
1 0.724688 0.789583 0.048125 0.0375
1 0.725938 0.854583 0.048125 0.0375
0 0.61625 0.409583 0.02625 0.0575
0 0.617188 0.516667 0.028125 0.06
0 0.925625 0.497917 0.0275 0.064167
0 0.8675 0.13625 0.02625 0.064167
4 0.771563 0.46375 0.130625 0.179167
