1 0.309375 0.169583 0.03375 0.025833
1 0.30875 0.132083 0.03375 0.025833
1 0.37375 0.04625 0.03375 0.025833
1 0.37375 0.082083 0.03375 0.025833
1 0.3125 0.087083 0.03375 0.025833
1 0.311875 0.04875 0.03375 0.025833
0 0.441563 0.044583 0.030625 0.024167
4 0.657813 0.440417 0.261875 0.489167
0 0.901875 0.61875 0.03625 0.0775
0 0.855938 0.61875 0.018125 0.040833
1 0.313125 0.57875 0.0325 0.029167
1 0.331562 0.980417 0.048125 0.039167
1 0.330937 0.907083 0.048125 0.039167
0 0.036562 0.914583 0.018125 0.040833
0 0.066562 0.915417 0.018125 0.040833
0 0.097812 0.914583 0.018125 0.040833
0 0.127188 0.915417 0.018125 0.040833
1 0.009062 0.914167 0.018125 0.043333
