2 0.696875 0.12 0.11625 0.183333
0 0.471875 0.121667 0.18625 0.243333
0 0.833125 0.331667 0.05875 0.05
0 0.834375 0.261667 0.05875 0.05
0 0.831875 0.193333 0.05875 0.05
0 0.833125 0.125 0.05875 0.05
0 0.74 0.5825 0.0475 0.035
0 0.833125 0.691667 0.03375 0.026667
0 0.584375 0.73 0.03375 0.026667
0 0.730625 0.931667 0.04625 0.036667
0 0.633125 0.731667 0.03375 0.026667
1 0.749375 0.535 0.03375 0.026667
0 0.828125 0.3875 0.03125 0.028333
4 0.879375 0.855 0.14625 0.23
0 0.611875 0.785833 0.01875 0.045
0 0.549375 0.7875 0.01875 0.045
4 0.878125 0.531667 0.14625 0.23
1 0.439375 0.888333 0.02125 0.046667
1 0.439375 0.788333 0.02125 0.046667
1 0.470625 0.786667 0.02125 0.046667
1 0.581875 0.785 0.02125 0.046667
1 0.643125 0.783333 0.02125 0.046667
1 0.650625 0.895 0.02125 0.046667
1 0.650625 0.955 0.02125 0.046667
