0 0.799375 0.592083 0.04 0.0775
0 0.750625 0.59375 0.03875 0.0775
0 0.410313 0.592917 0.041875 0.0775
0 0.362812 0.594583 0.041875 0.0775
0 0.507188 0.592917 0.041875 0.0775
0 0.459688 0.592083 0.041875 0.0775
0 0.605938 0.595417 0.041875 0.0775
0 0.557813 0.59375 0.041875 0.0775
0 0.703438 0.594583 0.041875 0.0775
0 0.655312 0.59625 0.041875 0.0775
0 0.799375 0.20625 0.03875 0.0775
0 0.749687 0.204583 0.041875 0.0775
0 0.410938 0.207083 0.041875 0.0775
0 0.363438 0.207917 0.041875 0.0775
0 0.507812 0.207083 0.041875 0.0775
0 0.460313 0.20625 0.041875 0.0775
0 0.604688 0.20625 0.041875 0.0775
0 0.556562 0.205417 0.041875 0.0775
0 0.702187 0.207083 0.041875 0.0775
0 0.655312 0.20625 0.041875 0.0775
0 0.799375 0.33625 0.03875 0.0775
0 0.752188 0.335417 0.041875 0.0775
0 0.412187 0.335417 0.041875 0.0775
0 0.363438 0.33625 0.041875 0.0775
0 0.509687 0.337083 0.041875 0.0775
0 0.459688 0.335417 0.041875 0.0775
0 0.605313 0.335417 0.041875 0.0775
0 0.557187 0.335417 0.041875 0.0775
0 0.703438 0.335833 0.041875 0.078333
0 0.654687 0.33625 0.041875 0.0775
0 0.798438 0.465417 0.040625 0.0775
0 0.749687 0.464583 0.041875 0.0775
0 0.410313 0.465833 0.041875 0.08
0 0.363438 0.465417 0.041875 0.0775
0 0.507812 0.464583 0.041875 0.0775
0 0.460313 0.46625 0.041875 0.0775
0 0.604688 0.464583 0.041875 0.0775
0 0.556562 0.465417 0.041875 0.0775
0 0.702187 0.464583 0.041875 0.0775
0 0.655312 0.46375 0.041875 0.0775
