1 0.127812 0.367917 0.019375 0.045833
1 0.732187 0.139167 0.019375 0.043333
1 0.825937 0.125833 0.019375 0.045
1 0.273438 0.119167 0.019375 0.043333
1 0.302187 0.11875 0.019375 0.040833
1 0.762813 0.136667 0.020625 0.043333
1 0.597187 0.224583 0.019375 0.040833
1 0.398438 0.94875 0.019375 0.045833
1 0.607812 0.507083 0.019375 0.045833
1 0.765938 0.495417 0.019375 0.045833
1 0.827187 0.492917 0.019375 0.045833
1 0.855938 0.492917 0.019375 0.045833
4 0.43375 0.302917 0.17375 0.230833
4 0.782188 0.28125 0.145625 0.1875
1 0.919687 0.49125 0.019375 0.045833
1 0.981563 0.637917 0.019375 0.045833
1 0.5325 0.095417 0.0325 0.0275
1 0.585 0.424583 0.0325 0.0275
1 0.07875 0.66875 0.0325 0.0275
1 0.415 0.09875 0.0325 0.0275
1 0.470625 0.09875 0.0325 0.0275
1 0.283125 0.184583 0.0325 0.0275
1 0.845625 0.709583 0.0325 0.0275
1 0.584375 0.387083 0.0325 0.0275
1 0.79875 0.929583 0.0325 0.0275
1 0.944375 0.630417 0.0325 0.0275
1 0.94375 0.587917 0.0325 0.0275
1 0.40625 0.897917 0.0325 0.0275
1 0.75 0.964583 0.0325 0.0275
1 0.605625 0.74375 0.0325 0.0275
1 0.565312 0.507917 0.019375 0.045833
0 0.79875 0.49375 0.01875 0.0425
0 0.328125 0.12125 0.01875 0.0425
0 0.8825 0.257083 0.01875 0.0425
0 0.6875 0.589583 0.01875 0.0425
0 0.8875 0.49125 0.01875 0.0425
0 0.4675 0.766667 0.02875 0.065
0 0.425625 0.766667 0.02625 0.063333
0 0.712187 0.515 0.046875 0.035
0 0.647188 0.285417 0.049375 0.1275
0 0.57375 0.300417 0.01875 0.0425
0 0.85375 0.13125 0.01875 0.0425
0 0.88125 0.174167 0.01875 0.043333
0 0.285938 0.379167 0.031875 0.025
0 0.736563 0.565833 0.031875 0.025
0 0.736563 0.6025 0.031875 0.025
0 0.286562 0.4175 0.031875 0.025
0 0.534062 0.1325 0.031875 0.025
0 0.284062 0.2575 0.031875 0.025
1 0.369375 0.102083 0.0325 0.0275
1 0.134375 0.667917 0.0325 0.0275
0 0.654375 0.13375 0.01875 0.0425
0 0.56875 0.224583 0.01875 0.0425
4 0.745625 0.77 0.145 0.145
5 0.5 0.59 0.0825 0.05
5 0.60375 0.648333 0.0825 0.05
5 0.84875 0.5825 0.04 0.085
0 0.284062 0.22 0.031875 0.025
0 0.369063 0.1375 0.031875 0.025
0 0.414687 0.136667 0.031875 0.025
0 0.470938 0.135 0.031875 0.025
