2 0.19875 0.295833 0.23 0.368333
0 0.115312 0.571667 0.060625 0.041667
0 0.317188 0.7125 0.105625 0.261667
0 0.493125 0.182083 0.03125 0.079167
0 0.493437 0.31875 0.029375 0.080833
1 0.489063 0.423333 0.061875 0.045
1 0.490312 0.509167 0.061875 0.048333
1 0.6125 0.774583 0.035 0.080833
1 0.554375 0.77125 0.035 0.080833
0 0.498125 0.774583 0.03125 0.079167
0 0.67625 0.772083 0.03125 0.0775
0 0.769375 0.819167 0.0475 0.118333
0 0.884687 0.8175 0.053125 0.118333
1 0.9575 0.775417 0.03625 0.080833
0 0.512188 0.916667 0.056875 0.043333
0 0.606563 0.914167 0.056875 0.043333
4 0.759375 0.386667 0.29 0.385
