2 0.47375 0.294167 0.1575 0.253333
0 0.557813 0.58375 0.070625 0.180833
0 0.418125 0.489583 0.04 0.029167
0 0.675312 0.217917 0.021875 0.055833
0 0.595 0.902083 0.0225 0.054167
0 0.675625 0.312083 0.0225 0.054167
0 0.81125 0.097917 0.0225 0.054167
0 0.63375 0.900417 0.0225 0.054167
0 0.9475 0.65 0.03375 0.08
0 0.543438 0.900833 0.031875 0.08
0 0.755625 0.720417 0.04 0.030833
0 0.4325 0.812083 0.04125 0.030833
1 0.673125 0.384167 0.0425 0.031667
1 0.95 0.095 0.0275 0.056667
1 0.98625 0.0975 0.0225 0.056667
1 0.760625 0.6225 0.0225 0.056667
1 0.719375 0.620833 0.0225 0.056667
1 0.9075 0.095 0.0225 0.056667
1 0.766875 0.0975 0.0225 0.056667
1 0.723125 0.105833 0.0225 0.056667
4 0.859688 0.356667 0.201875 0.263333
0 0.868437 0.653333 0.031875 0.08
0 0.690625 0.722083 0.04 0.030833
0 0.68125 0.624583 0.0225 0.054167
0 0.803125 0.62125 0.0225 0.054167
1 0.950625 0.827083 0.04 0.0875
1 0.869375 0.832083 0.04 0.0875
1 0.792188 0.894167 0.025625 0.058333
1 0.675312 0.896667 0.029375 0.058333
1 0.713437 0.898333 0.025625 0.058333
1 0.674375 0.4425 0.0425 0.031667
