0 0.727812 0.613333 0.056875 0.04
0 0.500313 0.0325 0.055625 0.04
0 0.594688 0.030833 0.055625 0.04
0 0.122188 0.161667 0.055625 0.04
0 0.119063 0.603333 0.056875 0.043333
0 0.277813 0.505 0.054375 0.04
0 0.278438 0.5825 0.056875 0.04
0 0.279687 0.695833 0.056875 0.04
0 0.279687 0.773333 0.056875 0.04
0 0.730313 0.5375 0.056875 0.04
0 0.41875 0.292083 0.03125 0.0775
0 0.360625 0.29375 0.03125 0.0775
0 0.625 0.92875 0.03125 0.0775
0 0.566875 0.930417 0.03125 0.0775
0 0.282187 0.294583 0.050625 0.1275
1 0.6475 0.289583 0.0375 0.080833
1 0.45375 0.932917 0.0375 0.080833
1 0.33875 0.93625 0.0375 0.080833
1 0.476875 0.29125 0.0375 0.080833
1 0.53125 0.29125 0.0375 0.080833
1 0.511875 0.93125 0.0375 0.080833
4 0.491875 0.6175 0.2325 0.306667
1 0.760312 0.19625 0.054375 0.120833
1 0.878437 0.192917 0.056875 0.1275
1 0.120938 0.689167 0.061875 0.05
