4 0.18 0.359167 0.13 0.4
4 0.403438 0.769167 0.198125 0.185
2 0.410625 0.142917 0.195 0.254167
0 0.487812 0.485833 0.050625 0.128333
4 0.369063 0.463333 0.146875 0.191667
0 0.745 0.7475 0.29875 0.408333
0 0.271562 0.406667 0.018125 0.04
0 0.51375 0.62 0.0175 0.04
0 0.381875 0.621667 0.0175 0.04
0 0.244688 0.6525 0.030625 0.023333
0 0.244688 0.615833 0.030625 0.023333
0 0.451562 0.904583 0.030625 0.024167
1 0.3225 0.905833 0.0325 0.026667
1 0.319375 0.989167 0.0325 0.023333
1 0.384375 0.939167 0.0325 0.026667
1 0.054375 0.5075 0.0325 0.026667
1 0.385 0.905833 0.0325 0.026667
1 0.475 0.611667 0.0325 0.026667
1 0.436563 0.621667 0.019375 0.043333
1 0.046562 0.600833 0.019375 0.043333
1 0.019688 0.753333 0.019375 0.043333
1 0.048438 0.8525 0.019375 0.043333
1 0.076563 0.8525 0.019375 0.043333
1 0.140937 0.8525 0.019375 0.043333
1 0.238437 0.740833 0.019375 0.043333
1 0.270313 0.74 0.019375 0.043333
1 0.302812 0.623333 0.019375 0.043333
1 0.408438 0.620833 0.019375 0.043333
1 0.102188 0.741667 0.019375 0.043333
1 0.132812 0.740833 0.019375 0.043333
1 0.160938 0.741667 0.019375 0.043333
1 0.102813 0.853333 0.019375 0.043333
1 0.3225 0.943333 0.0325 0.026667
1 0.954688 0.871667 0.020625 0.045
