0 0.815625 0.08625 0.05625 0.1125
0 0.741875 0.085417 0.05625 0.1125
0 0.224688 0.0825 0.061875 0.116667
0 0.149062 0.085833 0.060625 0.113333
0 0.370625 0.08375 0.05625 0.1125
0 0.299687 0.084167 0.060625 0.113333
0 0.521875 0.082917 0.05625 0.1125
0 0.446875 0.08375 0.05625 0.1125
0 0.66875 0.085417 0.05625 0.1125
0 0.5925 0.08625 0.05625 0.1125
0 0.814375 0.48125 0.05625 0.1125
0 0.740625 0.48375 0.05625 0.1125
0 0.22125 0.475417 0.05625 0.1125
0 0.14875 0.47625 0.05625 0.1125
0 0.370625 0.47875 0.05625 0.1125
0 0.29625 0.47875 0.05625 0.1125
0 0.518125 0.479583 0.05625 0.1125
0 0.444688 0.478333 0.058125 0.113333
0 0.66625 0.480417 0.05625 0.1125
0 0.592812 0.481667 0.058125 0.113333
0 0.815625 0.282083 0.05625 0.1125
0 0.741875 0.284583 0.05625 0.1125
0 0.222188 0.281667 0.059375 0.113333
0 0.14875 0.27875 0.05625 0.1125
0 0.372188 0.28 0.060625 0.113333
0 0.297812 0.28 0.059375 0.113333
0 0.519062 0.281667 0.058125 0.113333
0 0.445937 0.283333 0.060625 0.113333
0 0.6675 0.282917 0.05625 0.1125
0 0.594688 0.283333 0.059375 0.113333
