4 0.9125 0.55 0.11 0.19
4 0.6475 0.549167 0.11 0.19
0 0.950313 0.194167 0.019375 0.043333
1 0.420312 0.545417 0.048125 0.039167
1 0.408438 0.14125 0.034375 0.0275
1 0.083437 0.68375 0.034375 0.0275
1 0.420938 0.470417 0.048125 0.039167
1 0.124063 0.575 0.019375 0.043333
1 0.305312 0.628333 0.029375 0.065
1 0.367812 0.565 0.019375 0.043333
1 0.340313 0.564167 0.019375 0.043333
1 0.217812 0.559167 0.019375 0.043333
1 0.185312 0.5575 0.019375 0.043333
1 0.187812 0.641667 0.019375 0.043333
1 0.155312 0.641667 0.019375 0.043333
1 0.093438 0.618333 0.019375 0.043333
1 0.155312 0.5575 0.019375 0.043333
1 0.095312 0.474167 0.019375 0.043333
0 0.252812 0.630417 0.025625 0.059167
0 0.215625 0.475417 0.0175 0.0425
0 0.123125 0.475417 0.0175 0.0425
0 0.093125 0.557083 0.0175 0.0425
0 0.154375 0.475417 0.0175 0.0425
0 0.185625 0.474583 0.0175 0.0425
0 0.038437 0.6825 0.031875 0.023333
