0 0.444688 0.828333 0.030625 0.025
0 0.272188 0.555 0.030625 0.025
0 0.272813 0.593333 0.030625 0.025
0 0.780937 0.768333 0.030625 0.025
0 0.204063 0.970833 0.023125 0.058333
0 0.57 0.91375 0.01875 0.040833
0 0.170625 0.952083 0.01875 0.040833
0 0.532813 0.914167 0.029375 0.066667
0 0.91 0.900417 0.06125 0.050833
1 0.405313 0.84 0.019375 0.046667
1 0.833438 0.824167 0.019375 0.046667
1 0.864062 0.825 0.019375 0.046667
1 0.59 0.82375 0.0325 0.025833
1 0.63125 0.734583 0.0325 0.025833
1 0.297187 0.858333 0.034375 0.028333
1 0.185938 0.820833 0.034375 0.028333
1 0.185938 0.8575 0.034375 0.028333
0 0.402187 0.73125 0.140625 0.120833
0 0.372812 0.843333 0.020625 0.043333
