1 0.152188 0.183333 0.033125 0.026667
0 0.150938 0.097917 0.031875 0.0225
0 0.195312 0.097917 0.031875 0.0225
1 0.152188 0.140833 0.033125 0.026667
1 0.103438 0.140833 0.033125 0.026667
0 0.865 0.24875 0.03875 0.0775
0 0.486875 0.0825 0.04125 0.081667
0 0.44125 0.33 0.04125 0.081667
0 0.81125 0.250417 0.03875 0.0775
0 0.775 0.078333 0.01875 0.041667
0 0.52875 0.093333 0.01875 0.041667
0 0.682813 0.21125 0.025625 0.0625
1 0.90375 0.195 0.02 0.045
1 0.648125 0.168333 0.02 0.045
1 0.711562 0.464583 0.020625 0.044167
1 0.684063 0.465417 0.020625 0.044167
1 0.808438 0.554583 0.020625 0.044167
1 0.622812 0.557917 0.020625 0.044167
0 0.571562 0.290417 0.184375 0.244167
0 0.317188 0.18875 0.184375 0.244167
1 0.652813 0.465417 0.020625 0.044167
1 0.619062 0.465417 0.020625 0.044167
0 0.685 0.55125 0.01875 0.0425
1 0.652813 0.55125 0.020625 0.044167
1 0.753437 0.55125 0.020625 0.044167
1 0.782813 0.55125 0.020625 0.044167
1 0.586562 0.79375 0.031875 0.0275
1 0.586562 0.75125 0.031875 0.0275
1 0.848437 0.632917 0.031875 0.0275
1 0.847187 0.590417 0.031875 0.0275
0 0.58875 0.702083 0.01875 0.0425
0 0.58875 0.635417 0.01875 0.0425
1 0.847187 0.714583 0.031875 0.0275
1 0.847187 0.67375 0.031875 0.0275
1 0.847187 0.835417 0.031875 0.0275
1 0.848437 0.794583 0.031875 0.0275
0 0.590313 0.922083 0.018125 0.039167
0 0.67625 0.920417 0.02 0.0425
0 0.776563 0.9425 0.024375 0.06
0 0.720938 0.944167 0.024375 0.06
1 0.616875 0.919583 0.01875 0.044167
0 0.720938 0.944167 0.024375 0.06
1 0.81125 0.922083 0.01875 0.044167
1 0.64625 0.92125 0.01875 0.044167
0 0.50375 0.894583 0.0525 0.130833
0 0.642188 0.987083 0.029375 0.024167
0 0.405313 0.82375 0.031875 0.024167
0 0.595938 0.988333 0.029375 0.021667
2 0.444688 0.69375 0.113125 0.185833
4 0.71625 0.735833 0.145 0.19
1 0.123438 0.983333 0.031875 0.026667
1 0.120313 0.795833 0.031875 0.026667
1 0.120313 0.868333 0.031875 0.026667
1 0.123438 0.943333 0.031875 0.026667
0 0.121563 0.907917 0.031875 0.024167
