1 0.595625 0.579167 0.0475 0.035
1 0.70875 0.935 0.0475 0.035
1 0.7075 0.0975 0.0475 0.035
1 0.70875 0.034167 0.0475 0.035
1 0.49 0.321667 0.0475 0.035
1 0.48875 0.191667 0.0475 0.035
1 0.601875 0.315 0.0475 0.035
1 0.599375 0.195 0.0475 0.035
1 0.4875 0.125833 0.0475 0.035
1 0.48875 0.065833 0.0475 0.035
1 0.70625 0.191667 0.0475 0.035
1 0.7075 0.32 0.0475 0.035
1 0.70625 0.26 0.0475 0.035
1 0.7075 0.5125 0.0475 0.035
1 0.7075 0.4525 0.0475 0.035
1 0.70875 0.64 0.0475 0.035
1 0.70875 0.578333 0.0475 0.035
1 0.71125 0.835833 0.0475 0.035
1 0.70875 0.770833 0.0475 0.035
1 0.601875 0.415 0.0475 0.035
1 0.596875 0.708333 0.0475 0.035
1 0.48875 0.706667 0.0475 0.035
1 0.596875 0.8325 0.0475 0.035
1 0.49 0.965 0.0475 0.035
1 0.599375 0.965 0.0475 0.035
1 0.623125 0.4925 0.025 0.063333
1 0.574375 0.4925 0.025 0.063333
0 0.710625 0.708333 0.04625 0.033333
0 0.70875 0.386667 0.045 0.036667
