0 0.455625 0.675833 0.0275 0.066667
0 0.41625 0.739167 0.0275 0.066667
0 0.44875 0.046667 0.0275 0.066667
0 0.406875 0.046667 0.0275 0.066667
0 0.453125 0.3975 0.0275 0.066667
0 0.409375 0.3975 0.0275 0.066667
0 0.395 0.847083 0.03125 0.025833
1 0.395625 0.881667 0.035 0.03
1 0.38875 0.933333 0.02125 0.046667
0 0.3875 0.145417 0.03125 0.025833
1 0.388125 0.181667 0.035 0.03
1 0.380625 0.233333 0.02125 0.046667
0 0.390625 0.495417 0.03125 0.025833
1 0.39125 0.531667 0.035 0.03
1 0.385 0.583333 0.02125 0.046667
0 0.557813 0.259583 0.180625 0.255833
0 0.527813 0.84875 0.180625 0.255833
1 0.774062 0.78625 0.033125 0.025833
1 0.587187 0.025417 0.033125 0.025833
1 0.732187 0.247917 0.033125 0.025833
1 0.780312 0.21375 0.033125 0.025833
1 0.733437 0.289583 0.033125 0.025833
1 0.734688 0.332083 0.033125 0.025833
1 0.745938 0.394583 0.033125 0.025833
1 0.791562 0.394583 0.033125 0.025833
1 0.791562 0.457917 0.033125 0.025833
1 0.747188 0.457917 0.033125 0.025833
1 0.790312 0.53125 0.033125 0.025833
1 0.789062 0.590417 0.033125 0.025833
1 0.744687 0.587083 0.033125 0.025833
1 0.698438 0.547917 0.033125 0.025833
1 0.765312 0.652917 0.033125 0.025833
1 0.775312 0.712083 0.033125 0.025833
1 0.667188 0.727917 0.033125 0.025833
1 0.702187 0.787083 0.033125 0.025833
1 0.700937 0.82625 0.033125 0.025833
1 0.700625 0.882917 0.03125 0.040833
1 0.648125 0.942917 0.01875 0.044167
