0 0.973437 0.915417 0.039375 0.0775
0 0.969688 0.53125 0.039375 0.0775
0 0.970938 0.659583 0.039375 0.0775
0 0.972187 0.787083 0.039375 0.0775
0 0.780312 0.920417 0.039375 0.0775
0 0.777813 0.53625 0.039375 0.0775
0 0.777813 0.66625 0.039375 0.0775
0 0.779687 0.792083 0.039375 0.0775
0 0.829063 0.919583 0.039375 0.0775
0 0.824688 0.535417 0.039375 0.0775
0 0.827187 0.66375 0.039375 0.0775
0 0.827187 0.792917 0.039375 0.0775
0 0.877188 0.91875 0.039375 0.0775
0 0.873437 0.53375 0.039375 0.0775
0 0.875313 0.66125 0.039375 0.0775
0 0.875938 0.790417 0.039375 0.0775
0 0.926562 0.917083 0.039375 0.0775
0 0.922188 0.532917 0.039375 0.0775
0 0.922813 0.66125 0.039375 0.0775
0 0.924063 0.787917 0.039375 0.0775
