0 0.205313 0.697083 0.091875 0.079167
0 0.65625 0.465417 0.08 0.189167
0 0.785937 0.3325 0.039375 0.101667
0 0.850625 0.332083 0.0425 0.0975
0 0.921562 0.280417 0.043125 0.0375
0 0.762188 0.685833 0.044375 0.036667
1 0.759687 0.63125 0.048125 0.0375
0 0.754687 0.155 0.044375 0.036667
1 0.754687 0.09875 0.048125 0.0375
1 0.767813 0.55 0.028125 0.066667
0 0.620313 0.68875 0.040625 0.0925
0 0.685312 0.685833 0.036875 0.091667
0 0.199687 0.78125 0.046875 0.0375
0 0.94375 0.826667 0.04125 0.035
0 0.400938 0.4525 0.284375 0.371667
