1 0.939688 0.864167 0.045625 0.036667
1 0.243438 0.06 0.045625 0.036667
1 0.244062 0.123333 0.045625 0.036667
1 0.243438 0.2525 0.045625 0.036667
1 0.535625 0.184167 0.02625 0.063333
1 0.7925 0.556667 0.07 0.056667
1 0.940312 0.655 0.045625 0.036667
1 0.939688 0.726667 0.045625 0.036667
1 0.941562 0.8 0.045625 0.036667
0 0.794063 0.781667 0.085625 0.07
0 0.243438 0.188333 0.044375 0.035
0 0.244688 0.314167 0.044375 0.035
0 0.794375 0.66125 0.085 0.074167
0 0.544063 0.345 0.044375 0.035
4 0.408125 0.20375 0.15375 0.2075
2 0.554063 0.605 0.283125 0.373333
