0 0.04125 0.925833 0.08 0.148333
0 0.241875 0.925 0.0775 0.15
0 0.34375 0.925833 0.0725 0.148333
0 0.445625 0.925 0.0775 0.15
0 0.545625 0.925833 0.08 0.148333
0 0.646875 0.925 0.0775 0.15
0 0.7475 0.925833 0.0725 0.148333
0 0.848125 0.925 0.0775 0.15
0 0.14375 0.925833 0.08125 0.148333
0 0.038125 0.665 0.0725 0.148333
0 0.240625 0.6625 0.0775 0.15
0 0.34125 0.663333 0.0725 0.148333
0 0.441875 0.659167 0.0775 0.15
0 0.5425 0.658333 0.0725 0.148333
0 0.643125 0.659167 0.0775 0.15
0 0.745 0.66 0.0725 0.148333
0 0.845625 0.655833 0.0775 0.15
0 0.1375 0.661667 0.0725 0.148333
