3 0.063437 0.7 0.090625 0.08
1 0.786563 0.230417 0.045625 0.035833
1 0.113437 0.609583 0.045625 0.035833
1 0.614062 0.619583 0.043125 0.0575
1 0.155625 0.795 0.0275 0.063333
1 0.610625 0.7675 0.0275 0.063333
1 0.78 0.7625 0.0275 0.063333
1 0.734375 0.608333 0.0275 0.063333
1 0.824375 0.760833 0.0275 0.063333
1 0.865 0.76 0.0275 0.063333
1 0.925 0.756667 0.0275 0.063333
1 0.86375 0.59 0.0275 0.063333
1 0.911875 0.5875 0.0275 0.063333
1 0.953125 0.5875 0.0275 0.063333
1 0.773125 0.374167 0.0275 0.063333
0 0.42625 0.775417 0.025 0.0625
0 0.381563 0.777917 0.023125 0.060833
