0 0.821875 0.16625 0.01875 0.045833
0 0.159375 0.095417 0.01875 0.045833
0 0.188125 0.197083 0.01875 0.045833
0 0.219375 0.19625 0.01875 0.045833
0 0.0175 0.330417 0.01875 0.045833
0 0.01875 0.41375 0.01875 0.045833
0 0.02375 0.647917 0.01875 0.045833
0 0.41875 0.232083 0.01875 0.045833
0 0.565625 0.239583 0.01875 0.045833
0 0.561875 0.32375 0.01875 0.045833
0 0.55875 0.05375 0.01875 0.045833
0 0.69 0.557917 0.01875 0.045833
0 0.71875 0.557083 0.01875 0.045833
0 0.2425 0.765417 0.02625 0.064167
0 0.245625 0.887083 0.02625 0.064167
0 0.319375 0.216667 0.04625 0.033333
0 0.301875 0.741667 0.04625 0.033333
0 0.378125 0.740833 0.04625 0.033333
0 0.384375 0.214583 0.02875 0.065833
0 0.563438 0.4275 0.029375 0.068333
0 0.919375 0.19625 0.03125 0.025833
0 0.563125 0.494583 0.03125 0.025833
0 0.658125 0.49875 0.03125 0.025833
0 0.485 0.329167 0.0325 0.025
1 0.485 0.287917 0.0325 0.0275
1 0.484375 0.20375 0.0325 0.0275
1 0.18875 0.804583 0.0325 0.0275
1 0.484375 0.24625 0.0325 0.0275
1 0.081875 0.74625 0.0325 0.0275
1 0.596875 0.894583 0.0325 0.0275
0 0.194062 0.112083 0.024375 0.059167
0 0.5225 0.052917 0.02875 0.064167
0 0.9 0.037083 0.06125 0.049167
0 0.870938 0.149583 0.040625 0.0825
0 0.869687 0.299167 0.041875 0.086667
0 0.923125 0.29875 0.04 0.079167
1 0.535937 0.240833 0.020625 0.043333
1 0.766563 0.231667 0.020625 0.043333
1 0.822187 0.229167 0.020625 0.043333
1 0.173437 0.879167 0.020625 0.043333
1 0.829063 0.323333 0.020625 0.043333
1 0.737187 0.830833 0.019375 0.043333
1 0.545312 0.9 0.020625 0.043333
1 0.517188 0.9 0.020625 0.043333
1 0.423438 0.896667 0.020625 0.043333
1 0.382188 0.903333 0.020625 0.043333
1 0.346562 0.903333 0.020625 0.043333
1 0.312812 0.904167 0.020625 0.043333
1 0.129688 0.921667 0.020625 0.043333
1 0.055313 0.648333 0.020625 0.043333
1 0.08125 0.787083 0.0325 0.0275
1 0.341875 0.792083 0.0325 0.0275
1 0.118438 0.793333 0.020625 0.043333
2 0.148438 0.379167 0.194375 0.258333
0 0.374688 0.39 0.181875 0.248333
4 0.71 0.09125 0.11 0.1825
4 0.713125 0.372917 0.11 0.1875
0 0.902188 0.657083 0.126875 0.275833
3 0.67 0.877917 0.085 0.055833
