0 0.223125 0.027917 0.03125 0.025833
0 0.225 0.123333 0.03125 0.025
0 0.22375 0.0875 0.03125 0.025
0 0.225625 0.215833 0.03125 0.025
0 0.225 0.18 0.03125 0.025
0 0.3525 0.765833 0.03625 0.081667
0 0.323437 0.865833 0.020625 0.041667
1 0.351562 0.854583 0.020625 0.044167
5 0.423438 0.8025 0.063125 0.053333
1 0.080625 0.815 0.035 0.028333
1 0.145 0.725833 0.035 0.028333
1 0.07875 0.605833 0.035 0.028333
1 0.07875 0.5625 0.035 0.028333
1 0.0775 0.520833 0.035 0.028333
1 0.076875 0.480833 0.035 0.028333
1 0.076875 0.439167 0.035 0.028333
1 0.076875 0.4 0.035 0.028333
1 0.08 0.688333 0.035 0.028333
1 0.07875 0.6475 0.035 0.028333
1 0.079375 0.729167 0.035 0.028333
1 0.178125 0.90875 0.03125 0.045833
1 0.1775 0.844583 0.03125 0.045833
1 0.080625 0.765833 0.035 0.028333
