1 0.494063 0.39 0.029375 0.063333
1 0.215938 0.391667 0.029375 0.063333
1 0.265937 0.3925 0.029375 0.063333
1 0.407187 0.929167 0.029375 0.063333
1 0.360312 0.3925 0.029375 0.063333
1 0.314063 0.3925 0.029375 0.063333
1 0.454688 0.929167 0.029375 0.063333
1 0.524687 0.92125 0.040625 0.0925
1 0.784062 0.520833 0.029375 0.063333
1 0.946562 0.626667 0.029375 0.063333
1 0.594375 0.856667 0.0475 0.038333
1 0.174375 0.47 0.0475 0.038333
1 0.175 0.535 0.0475 0.038333
1 0.175 0.6025 0.0475 0.038333
1 0.068125 0.675833 0.0475 0.038333
1 0.06875 0.748333 0.0475 0.038333
1 0.069375 0.818333 0.0475 0.038333
1 0.06875 0.8825 0.0475 0.038333
1 0.435 0.398333 0.0475 0.038333
1 0.17375 0.881667 0.0475 0.038333
1 0.175625 0.813333 0.0475 0.038333
1 0.593125 0.786667 0.0475 0.038333
1 0.687813 0.3175 0.029375 0.063333
1 0.59875 0.414167 0.0475 0.038333
0 0.736563 0.3175 0.024375 0.055
0 0.666562 0.873333 0.024375 0.055
0 0.174063 0.745 0.045625 0.035
0 0.619687 0.492083 0.066875 0.050833
0 0.619062 0.582083 0.066875 0.050833
0 0.593437 0.660833 0.045625 0.035
0 0.592812 0.724167 0.045625 0.035
0 0.595313 0.915833 0.045625 0.035
0 0.349062 0.906667 0.045625 0.035
0 0.275313 0.909167 0.045625 0.035
1 0.735938 0.662917 0.066875 0.054167
1 0.71875 0.535417 0.04125 0.090833
5 0.9 0.5 0.05625 0.12
4 0.382188 0.66125 0.211875 0.2825
2 0.831562 0.866667 0.158125 0.266667
