0 0.315625 0.3775 0.04875 0.125
0 0.30625 0.590833 0.05875 0.05
0 0.30625 0.521667 0.05875 0.05
0 0.1075 0.919583 0.0375 0.074167
0 0.06875 0.907083 0.01625 0.039167
0 0.481563 0.88875 0.030625 0.024167
0 0.429688 0.890417 0.030625 0.024167
0 0.052187 0.328333 0.045625 0.036667
0 0.052187 0.27 0.045625 0.036667
0 0.126875 0.155417 0.02 0.0425
0 0.035937 0.545417 0.030625 0.025833
0 0.035312 0.38125 0.030625 0.025833
0 0.082812 0.518333 0.018125 0.04
0 0.035312 0.422083 0.030625 0.025833
1 0.508125 0.750417 0.0325 0.025833
1 0.460625 0.835417 0.0325 0.025833
1 0.03625 0.50625 0.0325 0.025833
1 0.03875 0.219583 0.0325 0.025833
1 0.460625 0.792917 0.0325 0.025833
1 0.459375 0.750417 0.0325 0.025833
1 0.116875 0.299167 0.03 0.063333
1 0.128125 0.38125 0.0475 0.0375
1 0.096562 0.155 0.019375 0.043333
1 0.264688 0.354167 0.019375 0.043333
1 0.158438 0.286667 0.019375 0.043333
1 0.035 0.462083 0.0325 0.025833
1 0.486875 0.052917 0.0325 0.025833
1 0.53625 0.049583 0.0325 0.025833
1 0.536875 0.092083 0.0325 0.025833
1 0.53625 0.012917 0.0325 0.025833
5 0.231875 0.273333 0.03875 0.083333
0 0.24 0.803333 0.1825 0.243333
2 0.184062 0.510417 0.108125 0.1825
