0 0.4225 0.529167 0.07125 0.146667
0 0.53625 0.529167 0.07375 0.153333
0 0.7825 0.608333 0.05 0.116667
0 0.632188 0.135 0.059375 0.043333
0 0.733437 0.130833 0.060625 0.041667
0 0.61625 0.89625 0.0325 0.075833
0 0.234375 0.69125 0.09 0.0675
0 0.103438 0.693333 0.056875 0.041667
1 0.349687 0.096667 0.060625 0.045
1 0.87875 0.159583 0.03625 0.0825
1 0.344375 0.664583 0.03625 0.0825
1 0.859375 0.627083 0.03625 0.0825
1 0.8125 0.16125 0.03625 0.0825
1 0.493437 0.1 0.060625 0.045
1 0.972187 0.15125 0.055625 0.129167
0 0.175313 0.367917 0.348125 0.4775
