0 0.245938 0.838333 0.041875 0.08
0 0.135313 0.836667 0.041875 0.078333
0 0.191562 0.836667 0.041875 0.078333
0 0.245312 0.27 0.041875 0.08
0 0.135937 0.268333 0.041875 0.078333
0 0.190312 0.268333 0.041875 0.078333
0 0.245312 0.57 0.041875 0.08
0 0.134687 0.570833 0.041875 0.078333
0 0.189688 0.57 0.041875 0.078333
2 0.491875 0.126667 0.28125 0.253333
2 0.493125 0.839167 0.28125 0.28
2 0.490625 0.485833 0.28125 0.28
0 0.959375 0.2625 0.0275 0.066667
0 0.92 0.3225 0.02375 0.061667
0 0.918125 0.685 0.02625 0.066667
0 0.960625 0.685 0.02625 0.066667
