0 0.484687 0.371667 0.059375 0.055
0 0.160312 0.94875 0.031875 0.0225
0 0.204687 0.947083 0.031875 0.0225
1 0.207187 0.618333 0.033125 0.026667
1 0.773438 0.5725 0.033125 0.026667
2 0.905937 0.535833 0.186875 0.353333
1 0.527188 0.553333 0.033125 0.026667
2 0.660937 0.5375 0.186875 0.353333
0 0.154688 0.577083 0.031875 0.0225
0 0.205313 0.575417 0.031875 0.0225
0 0.497812 0.93875 0.040625 0.085833
0 0.785 0.929167 0.02 0.04
0 0.53875 0.945 0.02 0.04
4 0.8925 0.864167 0.1725 0.195
4 0.64625 0.866667 0.1725 0.195
