1 0.070938 0.0975 0.059375 0.046667
1 0.371875 0.834583 0.03625 0.080833
1 0.490625 0.284583 0.03625 0.080833
1 0.55375 0.28625 0.03625 0.080833
1 0.486875 0.83125 0.03625 0.080833
0 0.6425 0.438333 0.11875 0.103333
0 0.58625 0.67 0.07 0.146667
0 0.690937 0.760833 0.055625 0.045
0 0.962187 0.6025 0.058125 0.041667
0 0.963437 0.681667 0.058125 0.041667
0 0.486875 0.699583 0.03125 0.0775
0 0.381563 0.168333 0.058125 0.043333
4 0.851562 0.10625 0.170625 0.1225
4 0.250312 0.539167 0.224375 0.383333
0 0.922813 0.894167 0.056875 0.04
0 0.924063 0.9725 0.059375 0.045
