0 0.732187 0.652917 0.059375 0.115833
0 0.73125 0.85375 0.0575 0.115833
0 0.657813 0.654583 0.059375 0.115833
0 0.655625 0.85375 0.0575 0.115833
0 0.430937 0.652917 0.059375 0.115833
0 0.4325 0.85375 0.0575 0.115833
0 0.356563 0.65625 0.059375 0.115833
0 0.356875 0.85375 0.0575 0.115833
0 0.280938 0.654583 0.059375 0.115833
0 0.28125 0.855417 0.0575 0.115833
0 0.204063 0.654583 0.059375 0.115833
0 0.208437 0.85375 0.061875 0.115833
0 0.130312 0.65625 0.059375 0.115833
0 0.132812 0.85375 0.061875 0.115833
0 0.055938 0.654583 0.059375 0.115833
0 0.055 0.85875 0.0575 0.115833
0 0.580313 0.652917 0.059375 0.115833
0 0.581875 0.85375 0.0575 0.115833
0 0.505938 0.652917 0.059375 0.115833
0 0.50625 0.85375 0.0575 0.115833
