2 0.24125 0.029583 0.08625 0.059167
1 0.11875 0.631667 0.02 0.043333
1 0.101875 0.04625 0.02 0.040833
1 0.25875 0.212917 0.02 0.0425
1 0.29 0.211667 0.02 0.043333
1 0.320625 0.211667 0.02 0.043333
1 0.383125 0.211667 0.02 0.043333
1 0.14875 0.630833 0.02 0.043333
1 0.12 0.54 0.02 0.045
1 0.15 0.54 0.02 0.043333
1 0.02375 0.540833 0.02 0.043333
1 0.05875 0.540833 0.02 0.043333
1 0.058125 0.630833 0.02 0.043333
1 0.089375 0.632083 0.02 0.040833
0 0.023125 0.631667 0.0175 0.04
4 0.07 0.82875 0.14 0.1625
0 0.473125 0.510417 0.0325 0.025833
1 0.5475 0.94125 0.0325 0.025833
1 0.535625 0.457083 0.0325 0.025833
1 0.535625 0.509583 0.0325 0.025833
1 0.53625 0.55125 0.0325 0.025833
1 0.473125 0.592917 0.0325 0.025833
1 0.47375 0.69375 0.0325 0.025833
1 0.474375 0.73625 0.0325 0.025833
1 0.546875 0.899583 0.0325 0.025833
1 0.546875 0.734583 0.0325 0.025833
1 0.5475 0.69375 0.0325 0.025833
1 0.496875 0.902917 0.0325 0.025833
1 0.496875 0.859583 0.0325 0.025833
1 0.548125 0.860417 0.0325 0.025833
1 0.546875 0.81875 0.0325 0.025833
