0 0.262188 0.735833 0.041875 0.03
0 0.260937 0.679167 0.041875 0.03
0 0.037812 0.529167 0.024375 0.056667
0 0.119688 0.3375 0.024375 0.056667
0 0.164062 0.335 0.024375 0.056667
0 0.239063 0.100833 0.041875 0.03
0 0.237813 0.045833 0.041875 0.03
1 0.985938 0.39625 0.028125 0.059167
1 0.635938 0.90375 0.028125 0.059167
1 0.775937 0.90125 0.028125 0.059167
1 0.207813 0.524583 0.028125 0.059167
1 0.078437 0.337917 0.028125 0.059167
1 0.035937 0.33875 0.028125 0.059167
1 0.695312 0.142083 0.028125 0.059167
1 0.939688 0.39625 0.028125 0.059167
1 0.082187 0.527917 0.028125 0.059167
1 0.123438 0.525417 0.028125 0.059167
1 0.431563 0.907083 0.028125 0.059167
1 0.482187 0.904583 0.028125 0.059167
1 0.533438 0.90375 0.028125 0.059167
1 0.580937 0.90625 0.028125 0.059167
1 0.729062 0.90125 0.028125 0.059167
2 0.91375 0.116667 0.1325 0.093333
4 0.089688 0.76625 0.175625 0.2275
