0 0.036875 0.580833 0.0725 0.148333
0 0.236875 0.58 0.0775 0.15
0 0.33875 0.576667 0.07875 0.151667
0 0.438125 0.578333 0.0775 0.15
0 0.54 0.575 0.07625 0.148333
0 0.639375 0.576667 0.0775 0.15
0 0.740625 0.571667 0.0775 0.148333
0 0.840625 0.573333 0.0775 0.15
0 0.13375 0.580833 0.0725 0.148333
0 0.036875 0.315833 0.0725 0.148333
0 0.235625 0.31 0.0775 0.15
0 0.336875 0.310833 0.0775 0.15
0 0.436875 0.31 0.0775 0.15
0 0.5375 0.306667 0.07625 0.148333
0 0.638125 0.305 0.0775 0.15
0 0.740625 0.306667 0.0775 0.148333
0 0.838125 0.301667 0.0775 0.15
0 0.13375 0.311667 0.07625 0.148333
