0 0.751875 0.745 0.02375 0.056667
0 0.131875 0.129167 0.02375 0.056667
0 0.174375 0.128333 0.02375 0.056667
0 0.571875 0.174167 0.02375 0.056667
0 0.638437 0.9225 0.065625 0.048333
1 0.521563 0.032917 0.025625 0.060833
1 0.801562 0.94625 0.025625 0.060833
1 0.704063 0.745417 0.025625 0.060833
1 0.510312 0.825417 0.025625 0.060833
1 0.284687 0.829583 0.025625 0.060833
1 0.332188 0.827917 0.025625 0.060833
1 0.377188 0.827083 0.025625 0.060833
1 0.234687 0.829583 0.025625 0.060833
1 0.139063 0.332917 0.025625 0.060833
1 0.045937 0.129583 0.025625 0.060833
1 0.429688 0.179583 0.025625 0.060833
1 0.380937 0.180417 0.025625 0.060833
1 0.524062 0.177083 0.025625 0.060833
1 0.476562 0.177917 0.025625 0.060833
1 0.671562 0.174583 0.025625 0.060833
1 0.623437 0.174583 0.025625 0.060833
1 0.765938 0.17125 0.025625 0.060833
1 0.719688 0.17375 0.025625 0.060833
1 0.766563 0.030417 0.025625 0.060833
1 0.719688 0.030417 0.024375 0.060833
1 0.622812 0.03375 0.025625 0.060833
1 0.569063 0.035417 0.025625 0.060833
1 0.087813 0.12875 0.025625 0.060833
1 0.419687 0.039583 0.025625 0.060833
1 0.471562 0.035417 0.025625 0.060833
1 0.61625 0.844167 0.0475 0.035
1 0.19375 0.91 0.0475 0.035
1 0.195625 0.971667 0.0475 0.035
4 0.6425 0.476667 0.21375 0.248333
1 0.451875 0.830833 0.0475 0.035
5 0.918438 0.927917 0.058125 0.1225
1 0.7375 0.958333 0.04 0.083333
