1 0.26 0.247083 0.0325 0.0275
1 0.301875 0.062083 0.0325 0.0275
1 0.348125 0.06125 0.0325 0.0275
1 0.45125 0.162917 0.0325 0.0275
1 0.255 0.197917 0.0325 0.0275
4 0.394062 0.339583 0.146875 0.1925
0 0.179063 0.49 0.018125 0.045
0 0.265937 0.487083 0.018125 0.0425
0 0.295 0.487083 0.0175 0.0425
0 0.291563 0.1875 0.018125 0.043333
0 0.375 0.185417 0.01625 0.040833
0 0.452813 0.204583 0.030625 0.025833
0 0.260313 0.280833 0.030625 0.026667
0 0.035312 0.6375 0.038125 0.078333
0 0.591875 0.6575 0.04 0.076667
0 0.549687 0.664583 0.018125 0.040833
0 0.670312 0.655417 0.051875 0.129167
0 0.325937 0.720417 0.019375 0.0425
0 0.340313 0.851667 0.019375 0.045
0 0.367812 0.849583 0.018125 0.0425
2 0.183125 0.715417 0.19 0.254167
4 0.433437 0.700417 0.148125 0.194167
1 0.228125 0.474583 0.03375 0.0275
1 0.67375 0.765417 0.03375 0.0275
1 0.674375 0.80875 0.03375 0.0275
1 0.61375 0.53125 0.03375 0.0275
1 0.514375 0.33375 0.03375 0.0275
1 0.565625 0.482083 0.03375 0.0275
1 0.565625 0.520417 0.03375 0.0275
1 0.515 0.445417 0.03375 0.0275
1 0.515625 0.482917 0.03375 0.0275
1 0.514375 0.367917 0.03375 0.0275
1 0.515625 0.407083 0.03375 0.0275
1 0.239063 0.530833 0.020625 0.045
1 0.084687 0.030833 0.020625 0.045
1 0.349062 0.185833 0.020625 0.045
1 0.36875 0.91125 0.02 0.0475
1 0.320937 0.1875 0.020625 0.045
