1 0.42 0.592083 0.0325 0.029167
1 0.161875 0.067083 0.0325 0.029167
1 0.5825 0.179583 0.0325 0.029167
1 0.486875 0.47375 0.0325 0.029167
1 0.48625 0.507917 0.0325 0.029167
1 0.423125 0.50875 0.0325 0.029167
1 0.42375 0.47125 0.0325 0.029167
1 0.42 0.55625 0.0325 0.029167
1 0.543438 0.188333 0.020625 0.045
1 0.150938 0.159167 0.020625 0.045
1 0.121563 0.3125 0.020625 0.045
1 0.039688 0.4125 0.020625 0.045
1 0.149062 0.413333 0.020625 0.045
1 0.177187 0.4125 0.020625 0.045
1 0.203437 0.414167 0.020625 0.045
1 0.242812 0.413333 0.020625 0.045
1 0.205313 0.301667 0.020625 0.045
1 0.235313 0.3025 0.020625 0.045
1 0.264062 0.3025 0.020625 0.045
1 0.342187 0.303333 0.020625 0.045
1 0.375312 0.3025 0.020625 0.045
1 0.407813 0.1875 0.020625 0.045
1 0.515312 0.1875 0.020625 0.045
0 0.554375 0.472083 0.0325 0.024167
0 0.350625 0.177083 0.0325 0.024167
0 0.35125 0.212917 0.0325 0.024167
0 0.62 0.186667 0.0175 0.04
0 0.488125 0.185833 0.0175 0.04
0 0.856563 0.2875 0.286875 0.395
