0 0.59625 0.18875 0.0175 0.0425
1 0.230937 0.674167 0.019375 0.043333
1 0.627188 0.188333 0.019375 0.043333
1 0.666562 0.1875 0.020625 0.043333
1 0.220312 0.175 0.019375 0.045
1 0.224062 0.726667 0.031875 0.03
0 0.224062 0.7625 0.030625 0.025
0 0.331875 0.844167 0.02875 0.023333
0 0.285938 0.877083 0.028125 0.0675
0 0.245 0.8775 0.02625 0.063333
0 0.949375 0.63625 0.03625 0.080833
0 0.894375 0.63875 0.03625 0.080833
0 0.875625 0.282917 0.03625 0.080833
0 0.820625 0.285417 0.03625 0.080833
4 0.34125 0.716667 0.145 0.19
4 0.339375 0.370833 0.145 0.19
1 0.228437 0.330833 0.019375 0.043333
1 0.222188 0.3825 0.031875 0.03
0 0.221562 0.419167 0.030625 0.025
2 0.63375 0.730833 0.2775 0.26
2 0.638125 0.383333 0.2775 0.26
0 0.329375 0.499167 0.02875 0.023333
0 0.283438 0.532083 0.028125 0.0675
0 0.2425 0.5325 0.02625 0.063333
