1 0.17625 0.822083 0.0475 0.060833
1 0.352812 0.43875 0.045625 0.035833
1 0.339375 0.582083 0.02625 0.060833
1 0.298125 0.814583 0.02625 0.060833
1 0.4275 0.797917 0.02625 0.060833
1 0.474375 0.797917 0.02625 0.060833
1 0.51625 0.797917 0.02625 0.060833
1 0.6375 0.794583 0.02625 0.060833
1 0.686875 0.79375 0.02625 0.060833
1 0.734375 0.615417 0.02625 0.060833
1 0.89875 0.61125 0.02625 0.060833
1 0.9425 0.61125 0.02625 0.060833
1 0.48625 0.969583 0.02625 0.060833
1 0.4275 0.96875 0.02625 0.060833
1 0.385625 0.969583 0.02625 0.060833
1 0.341875 0.969583 0.02625 0.060833
1 0.173125 0.9725 0.02625 0.055
0 0.647813 0.65875 0.043125 0.0325
0 0.85625 0.612917 0.02625 0.060833
0 0.645938 0.604583 0.043125 0.0325
0 0.686875 0.282083 0.02625 0.060833
4 0.83875 0.3725 0.2225 0.296667
