1 0.09 0.114583 0.0325 0.025833
1 0.09 0.03375 0.0325 0.025833
0 0.089375 0.07375 0.03 0.024167
0 0.089063 0.15625 0.029375 0.024167
4 0.194688 0.081667 0.104375 0.136667
2 0.286562 0.33875 0.188125 0.250833
4 0.747812 0.362083 0.140625 0.189167
0 0.91875 0.700417 0.1625 0.2425
0 0.457813 0.647083 0.181875 0.2425
0 0.271562 0.78625 0.181875 0.2425
0 0.635625 0.715 0.0375 0.075
0 0.58125 0.715833 0.0375 0.075
0 0.446875 0.454167 0.05875 0.051667
0 0.446875 0.375833 0.05875 0.051667
0 0.961875 0.901667 0.03625 0.076667
0 0.490625 0.7925 0.04625 0.035
0 0.752812 0.75 0.025625 0.061667
0 0.42875 0.79375 0.03 0.020833
0 0.674063 0.888333 0.018125 0.04
0 0.919063 0.888333 0.018125 0.04
0 0.613437 0.417917 0.031875 0.025833
0 0.679688 0.524583 0.031875 0.025833
0 0.727812 0.522917 0.031875 0.025833
0 0.887813 0.527917 0.031875 0.025833
0 0.885312 0.402917 0.031875 0.025833
0 0.885938 0.362083 0.031875 0.025833
0 0.934375 0.500417 0.0175 0.039167
0 0.903125 0.309167 0.04375 0.035
1 0.446875 0.309583 0.0475 0.0375
0 0.284062 0.172083 0.031875 0.024167
0 0.977187 0.137917 0.019375 0.0425
0 0.902813 0.250833 0.044375 0.035
1 0.976875 0.3625 0.04625 0.036667
1 0.542188 0.778333 0.020625 0.045
1 0.765312 0.5375 0.020625 0.045
1 0.797813 0.536667 0.020625 0.045
1 0.613437 0.509167 0.031875 0.026667
1 0.885312 0.443333 0.031875 0.026667
1 0.887188 0.488333 0.031875 0.026667
1 0.887188 0.201667 0.031875 0.026667
1 0.780937 0.191667 0.031875 0.026667
1 0.612187 0.24 0.031875 0.026667
1 0.613437 0.2825 0.031875 0.026667
1 0.612812 0.326667 0.031875 0.026667
1 0.544063 0.373333 0.031875 0.026667
1 0.544063 0.420833 0.031875 0.026667
1 0.544687 0.4675 0.031875 0.026667
1 0.544687 0.509167 0.031875 0.026667
1 0.613437 0.463333 0.031875 0.026667
1 0.787813 0.758333 0.020625 0.045
1 0.27875 0.068333 0.02 0.045
1 0.639375 0.1875 0.02 0.045
1 0.671875 0.188333 0.02 0.045
1 0.703125 0.188333 0.02 0.045
1 0.731875 0.1875 0.02 0.045
1 0.819375 0.188333 0.02 0.045
1 0.944375 0.1375 0.02 0.045
1 0.966875 0.280417 0.03 0.064167
1 0.841875 0.53125 0.03 0.0675
