1 0.119688 0.50375 0.019375 0.045833
1 0.265313 0.25625 0.019375 0.045833
1 0.294063 0.255417 0.019375 0.045833
1 0.589688 0.362083 0.019375 0.045833
1 0.724063 0.27625 0.019375 0.045833
1 0.755313 0.274583 0.019375 0.045833
1 0.819063 0.262083 0.019375 0.045833
1 0.912813 0.62875 0.019375 0.045833
1 0.848437 0.630417 0.019375 0.045833
1 0.819688 0.630417 0.019375 0.045833
1 0.759687 0.632917 0.019375 0.045833
1 0.599688 0.644583 0.019375 0.045833
1 0.557813 0.64625 0.019375 0.045833
1 0.974688 0.775417 0.019375 0.045833
1 0.59875 0.880417 0.03125 0.025833
1 0.27625 0.320417 0.03125 0.025833
1 0.361875 0.237917 0.0325 0.025833
1 0.406875 0.235417 0.03125 0.025833
1 0.461875 0.235417 0.03125 0.025833
1 0.525625 0.234583 0.03125 0.025833
1 0.576875 0.524583 0.03125 0.025833
1 0.5775 0.56125 0.03125 0.025833
1 0.938125 0.727083 0.03125 0.025833
1 0.935625 0.767917 0.03125 0.025833
1 0.83875 0.847083 0.03125 0.025833
1 0.6525 0.079583 0.04625 0.040833
0 0.680625 0.726667 0.01875 0.041667
0 0.320625 0.256667 0.01875 0.041667
0 0.646875 0.271667 0.01875 0.041667
0 0.560625 0.362917 0.01875 0.044167
0 0.56625 0.438333 0.01875 0.041667
0 0.79125 0.63 0.01875 0.041667
0 0.880625 0.63 0.01875 0.041667
0 0.84625 0.2675 0.01875 0.041667
0 0.874375 0.310833 0.01875 0.046667
0 0.87625 0.394167 0.01875 0.041667
0 0.45875 0.904167 0.02625 0.066667
0 0.4175 0.903333 0.02625 0.066667
0 0.72875 0.739167 0.0325 0.025
0 0.27625 0.3575 0.0325 0.025
0 0.27625 0.395 0.0325 0.025
0 0.728125 0.703333 0.0325 0.025
0 0.279375 0.554167 0.0325 0.025
0 0.74 0.025 0.0325 0.025
0 0.70375 0.652083 0.0475 0.035833
0 0.639062 0.4225 0.051875 0.128333
0 0.27875 0.515 0.0325 0.025
0 0.740625 0.1325 0.0325 0.025
0 0.739375 0.086667 0.0325 0.025
0 0.362812 0.27375 0.034375 0.025833
0 0.525937 0.270417 0.034375 0.025833
0 0.462813 0.272917 0.034375 0.025833
0 0.407813 0.272917 0.034375 0.025833
4 0.42625 0.44125 0.1725 0.225833
4 0.775 0.41875 0.14625 0.1925
5 0.839375 0.72 0.04 0.08
4 0.738437 0.907083 0.141875 0.149167
5 0.492188 0.728333 0.084375 0.053333
5 0.595313 0.7875 0.084375 0.053333
1 0.071875 0.805833 0.035 0.03
1 0.125625 0.805 0.035 0.03
