0 0.778125 0.06125 0.0475 0.0325
0 0.66 0.077917 0.0475 0.0325
1 0.111875 0.587917 0.0475 0.039167
1 0.084687 0.044167 0.025625 0.063333
1 0.130938 0.044167 0.025625 0.063333
1 0.21625 0.062917 0.0475 0.039167
1 0.224375 0.70375 0.0475 0.039167
1 0.21875 0.192917 0.0475 0.039167
1 0.2175 0.129583 0.0475 0.039167
1 0.220625 0.382083 0.0475 0.039167
1 0.220625 0.31875 0.0475 0.039167
1 0.113125 0.51125 0.0475 0.039167
1 0.110625 0.380417 0.0475 0.039167
1 0.1075 0.257083 0.0475 0.039167
1 0.10625 0.13125 0.0475 0.039167
1 0.22125 0.480417 0.0475 0.039167
1 0.661563 0.139583 0.050625 0.039167
1 0.952187 0.508333 0.029375 0.066667
1 0.822187 0.3225 0.029375 0.066667
1 0.908438 0.319167 0.029375 0.066667
1 0.950937 0.319167 0.029375 0.066667
0 0.77875 0.20375 0.0475 0.035833
0 0.675625 0.472083 0.0475 0.035833
0 0.789375 0.84375 0.0475 0.035833
0 0.78 0.147083 0.0475 0.035833
0 0.790625 0.787083 0.0475 0.035833
0 0.790625 0.730417 0.0475 0.035833
0 0.789375 0.67375 0.0475 0.035833
0 0.113125 0.709583 0.045 0.035833
0 0.22125 0.58625 0.045 0.034167
0 0.786875 0.5375 0.07125 0.053333
0 0.865313 0.509167 0.026875 0.058333
0 0.909062 0.510833 0.024375 0.058333
2 0.442812 0.929167 0.139375 0.093333
