1 0.5875 0.93625 0.0375 0.080833
1 0.48125 0.225417 0.03375 0.080833
1 0.664375 0.762917 0.0375 0.080833
1 0.9175 0.35875 0.03375 0.080833
1 0.91625 0.237083 0.03375 0.080833
1 0.9125 0.92125 0.03375 0.080833
1 0.91375 0.760417 0.03375 0.080833
1 0.8275 0.922917 0.03375 0.080833
1 0.854375 0.76375 0.03375 0.080833
1 0.45 0.937917 0.0375 0.080833
1 0.45 0.76875 0.035 0.0825
1 0.515 0.935417 0.03375 0.080833
1 0.514375 0.767083 0.0375 0.0825
1 0.585625 0.762917 0.03625 0.080833
0 0.791562 0.760833 0.031875 0.073333
0 0.919687 0.607917 0.033125 0.0775
0 0.919063 0.484583 0.031875 0.0775
4 0.695937 0.400417 0.290625 0.375833
