0 0.378125 0.064583 0.08 0.074167
0 0.565 0.42875 0.04125 0.0325
0 0.590313 0.753333 0.063125 0.045
0 0.589375 0.87125 0.12625 0.090833
0 0.063125 0.66875 0.03625 0.080833
4 0.602187 0.577917 0.146875 0.189167
2 0.594063 0.18625 0.269375 0.349167
1 0.382188 0.2625 0.065625 0.05
1 0.066875 0.847083 0.03875 0.0875
1 0.387813 0.838333 0.025625 0.063333
1 0.025937 0.115833 0.025625 0.063333
1 0.067187 0.114167 0.025625 0.063333
1 0.761875 0.72375 0.04375 0.035833
1 0.16 0.167917 0.04625 0.035833
1 0.16125 0.229583 0.04375 0.035833
1 0.16375 0.45625 0.04375 0.035833
1 0.16125 0.342917 0.04375 0.035833
1 0.1625 0.284583 0.04375 0.035833
1 0.165 0.517917 0.04375 0.035833
1 0.44875 0.532083 0.04375 0.035833
1 0.45125 0.625417 0.04375 0.035833
1 0.759375 0.54625 0.04375 0.035833
1 0.760625 0.665417 0.04375 0.035833
1 0.104688 0.115833 0.025625 0.063333
1 0.113437 0.639167 0.025625 0.063333
0 0.75875 0.48625 0.04125 0.0325
0 0.75875 0.60375 0.04125 0.030833
