1 0.090938 0.225417 0.019375 0.045833
1 0.059062 0.227083 0.019375 0.045833
1 0.268437 0.142917 0.019375 0.045833
1 0.242188 0.14375 0.019375 0.045833
1 0.120938 0.142083 0.019375 0.045833
1 0.087813 0.140417 0.019375 0.045833
1 0.057188 0.142083 0.019375 0.045833
1 0.027813 0.160417 0.019375 0.045833
0 0.1175 0.057917 0.01625 0.040833
0 0.0875 0.05875 0.01625 0.040833
0 0.05625 0.05875 0.01625 0.040833
0 0.025625 0.06125 0.01625 0.040833
0 0.155312 0.21125 0.025625 0.060833
1 0.207813 0.207917 0.028125 0.064167
1 0.32125 0.122083 0.04875 0.0375
1 0.320625 0.049167 0.04875 0.04
4 0.810937 0.112083 0.110625 0.1875
4 0.545937 0.115417 0.110625 0.1875
4 0.545937 0.115417 0.110625 0.1875
