4 0.7275 0.424167 0.1475 0.188333
1 0.7075 0.684167 0.02125 0.045
1 0.745 0.596667 0.02125 0.045
4 0.735938 0.10625 0.146875 0.2125
1 0.746875 0.684167 0.02125 0.045
1 0.77625 0.6825 0.02125 0.045
1 0.70625 0.595833 0.02125 0.045
1 0.65125 0.598333 0.02125 0.045
1 0.6525 0.684167 0.02125 0.045
1 0.67875 0.596667 0.02125 0.045
1 0.806875 0.595833 0.02125 0.045
1 0.775625 0.595833 0.02125 0.045
1 0.809375 0.6825 0.02125 0.045
1 0.695625 0.255417 0.02 0.044167
1 0.665625 0.257083 0.02 0.044167
1 0.587812 0.086667 0.031875 0.026667
1 0.592812 0.2675 0.031875 0.026667
1 0.592812 0.3375 0.031875 0.026667
1 0.496875 0.39625 0.0475 0.039167
0 0.57625 0.393333 0.04375 0.033333
0 0.540937 0.340833 0.031875 0.023333
0 0.593437 0.301667 0.028125 0.021667
0 0.551562 0.28 0.019375 0.041667
0 0.520312 0.28 0.019375 0.041667
0 0.588437 0.13125 0.045625 0.035833
0 0.735313 0.26375 0.031875 0.025833
