0 0.638125 0.097917 0.05 0.124167
0 0.98375 0.73625 0.0325 0.075833
0 0.926875 0.737917 0.0325 0.075833
0 0.77375 0.094583 0.0325 0.075833
0 0.716875 0.097917 0.0325 0.075833
0 0.633437 0.310833 0.059375 0.043333
0 0.474687 0.409167 0.059375 0.043333
0 0.496563 0.949167 0.059375 0.043333
0 0.634687 0.388333 0.059375 0.043333
0 0.635938 0.503333 0.059375 0.043333
0 0.637188 0.580833 0.059375 0.043333
1 0.81125 0.740417 0.035 0.080833
1 0.695 0.74375 0.035 0.080833
1 0.834375 0.092083 0.035 0.080833
1 0.88875 0.092083 0.035 0.080833
1 0.869375 0.737083 0.035 0.080833
1 0.475313 0.4925 0.060625 0.045
4 0.8525 0.420417 0.23875 0.304167
