1 0.3125 0.2075 0.0325 0.026667
1 0.248125 0.043333 0.0325 0.026667
1 0.246875 0.084167 0.0325 0.026667
1 0.246875 0.125833 0.0325 0.026667
1 0.24625 0.166667 0.0325 0.026667
1 0.24625 0.208333 0.0325 0.026667
1 0.24625 0.244167 0.0325 0.026667
1 0.17125 0.923333 0.0325 0.026667
1 0.24625 0.295 0.0325 0.026667
4 0.432812 0.20625 0.084375 0.055833
0 0.521563 0.246667 0.038125 0.083333
3 0.591562 0.284167 0.060625 0.048333
1 0.342813 0.390833 0.031875 0.045
1 0.5175 0.34 0.02 0.045
1 0.344062 0.325 0.031875 0.045
0 0.490312 0.349167 0.019375 0.043333
0 0.390937 0.829167 0.018125 0.043333
0 0.608437 0.918333 0.051875 0.128333
4 0.487187 0.88875 0.144375 0.194167
2 0.535937 0.575 0.194375 0.251667
4 0.2975 0.779167 0.13 0.4
