0 0.158672 0.083394 0.018169 0.015625
0 0.185986 0.123092 0.011507 0.012173
0 0.203307 0.122366 0.011991 0.011446
0 0.271378 0.120549 0.011991 0.01181
0 0.295119 0.120185 0.011991 0.01181
0 0.311834 0.120185 0.011749 0.01181
0 0.329155 0.120185 0.011991 0.011083
0 0.166606 0.19177 0.011991 0.01181
0 0.166606 0.177235 0.011749 0.01181
0 0.166606 0.162336 0.011507 0.01181
0 0.166606 0.147802 0.011507 0.01181
0 0.166485 0.20367 0.006177 0.005451
0 0.149346 0.245094 0.009205 0.007631
0 0.167091 0.268895 0.00642 0.006177
0 0.129421 0.276799 0.006177 0.005269
0 0.119731 0.27689 0.006177 0.005451
0 0.113251 0.288608 0.003634 0.008903
0 0.125363 0.288336 0.003876 0.008358
0 0.147529 0.319767 0.009205 0.008358
0 0.132631 0.337845 0.003634 0.009266
0 0.132752 0.350382 0.003876 0.008903
0 0.120882 0.366552 0.003876 0.009266
0 0.089268 0.403979 0.004118 0.009629
0 0.089511 0.418695 0.003634 0.009993
0 0.127786 0.416515 0.004118 0.009993
0 0.160792 0.499546 0.006177 0.005269
0 0.160671 0.507449 0.005935 0.005814
0 0.219356 0.413154 0.005572 0.014172
0 0.226986 0.413154 0.005572 0.014172
0 0.236374 0.627544 0.005935 0.005451
0 0.215904 0.609738 0.00642 0.005814
0 0.227834 0.634811 0.005814 0.014535
0 0.21984 0.634629 0.005814 0.014172
0 0.235647 0.406432 0.005935 0.005451
0 0.215177 0.38899 0.00642 0.005814
0 0.16055 0.459393 0.006177 0.005269
0 0.160671 0.46766 0.005935 0.005814
0 0.286458 0.340025 0.003876 0.009993
0 0.32867 0.360919 0.007631 0.01726
0 0.235889 0.480015 0.005935 0.005451
0 0.215419 0.462209 0.00642 0.005814
0 0.22735 0.486919 0.005814 0.014535
0 0.219356 0.487464 0.005814 0.014172
0 0.236131 0.553961 0.005935 0.005451
0 0.215661 0.535792 0.00642 0.005814
0 0.22735 0.560501 0.005814 0.014535
0 0.219598 0.560683 0.005814 0.014172
0 0.203367 0.653161 0.010417 0.026526
0 0.198886 0.683866 0.005572 0.014172
0 0.20688 0.683321 0.005329 0.013808
0 0.216328 0.683503 0.005814 0.005814
0 0.238796 0.702762 0.006177 0.005814
0 0.14759 0.68432 0.011507 0.011446
0 0.146984 0.695494 0.006177 0.005814
0 0.129845 0.738735 0.009205 0.007994
0 0.147469 0.76081 0.011749 0.012173
0 0.094658 0.619549 0.011022 0.028343
0 0.092781 0.589026 0.004118 0.008721
0 0.097989 0.588935 0.003634 0.008903
0 0.251938 0.72411 0.008479 0.017987
0 0.266715 0.72411 0.008236 0.017987
0 0.28985 0.745549 0.003876 0.008903
0 0.295906 0.745367 0.003876 0.009629
0 0.128391 0.807776 0.009448 0.007994
0 0.155947 0.836119 0.006177 0.005814
0 0.164547 0.835938 0.005935 0.005451
0 0.115431 0.839299 0.003876 0.009993
0 0.121366 0.839117 0.003876 0.009629
0 0.1293 0.844204 0.005935 0.005269
0 0.119368 0.851926 0.006177 0.005814
0 0.12609 0.863554 0.009932 0.008358
0 0.220809 0.892169 0.003876 0.008903
0 0.214874 0.892533 0.00436 0.009629
0 0.287609 0.89435 0.011265 0.011083
0 0.324915 0.893805 0.011749 0.010719
1 0.151587 0.235647 0.007631 0.006541
1 0.092418 0.28879 0.00436 0.009993
1 0.098595 0.289153 0.00436 0.009993
1 0.119307 0.288972 0.00436 0.010356
1 0.131541 0.288608 0.00436 0.010356
1 0.132752 0.312591 0.00436 0.009993
1 0.149164 0.310138 0.006904 0.006541
1 0.132631 0.326217 0.003876 0.010719
1 0.213784 0.267169 0.00436 0.009629
1 0.214995 0.336392 0.004603 0.010719
1 0.292272 0.340207 0.004118 0.010356
1 0.299661 0.340207 0.004118 0.010356
1 0.307534 0.284793 0.004118 0.009629
0 0.285368 0.269531 0.003876 0.009993
1 0.29094 0.268986 0.004118 0.010356
1 0.298086 0.26935 0.004118 0.010356
1 0.089632 0.384357 0.004118 0.010356
1 0.132389 0.366007 0.004118 0.010356
1 0.126817 0.366733 0.004118 0.010356
1 0.12173 0.443041 0.004118 0.010356
1 0.102229 0.384175 0.004118 0.009266
1 0.095325 0.383993 0.004118 0.009629
1 0.10344 0.443041 0.004118 0.010356
1 0.114826 0.442678 0.004118 0.010356
1 0.108406 0.443041 0.004118 0.010356
1 0.124273 0.383085 0.004118 0.009266
1 0.132146 0.383085 0.004118 0.009993
1 0.128937 0.400436 0.006904 0.006541
1 0.216388 0.675872 0.00642 0.005451
1 0.217539 0.664698 0.004118 0.009993
1 0.215177 0.380814 0.00642 0.005451
1 0.216328 0.36964 0.004118 0.009993
1 0.215419 0.45476 0.00642 0.005451
1 0.216812 0.443586 0.004118 0.009993
1 0.215661 0.52798 0.00642 0.005451
1 0.217054 0.517169 0.004118 0.009993
1 0.216146 0.601926 0.00642 0.005451
1 0.217539 0.590752 0.004118 0.009993
1 0.109133 0.366733 0.004118 0.010356
1 0.089632 0.366733 0.004118 0.010356
1 0.101986 0.36637 0.004118 0.010356
1 0.095325 0.367097 0.004118 0.010356
1 0.102774 0.457122 0.006662 0.006177
1 0.102895 0.466025 0.006904 0.006541
1 0.099625 0.491097 0.00642 0.014535
0 0.105984 0.486464 0.003876 0.009629
1 0.161034 0.515625 0.006662 0.005814
1 0.163033 0.527162 0.003876 0.009629
1 0.157582 0.527707 0.00436 0.010356
1 0.14444 0.531613 0.00642 0.005814
0 0.144198 0.523256 0.00642 0.005814
1 0.109557 0.531613 0.00642 0.005814
0 0.109557 0.523983 0.00642 0.005814
1 0.118762 0.531613 0.00642 0.005814
0 0.118762 0.523983 0.00642 0.005814
1 0.127483 0.531613 0.00642 0.005814
0 0.127241 0.523256 0.00642 0.005814
1 0.135719 0.531613 0.00642 0.005814
0 0.135962 0.523256 0.00642 0.005814
0 0.152374 0.527525 0.004118 0.009629
1 0.28337 0.729469 0.006904 0.005814
1 0.292333 0.729833 0.006904 0.006541
1 0.280644 0.745549 0.004118 0.009629
1 0.195979 0.759357 0.004845 0.009629
1 0.129663 0.727834 0.006904 0.006177
1 0.128694 0.798147 0.00642 0.005814
0 0.147469 0.771621 0.006177 0.005814
1 0.129542 0.835938 0.005935 0.005451
1 0.129542 0.851562 0.006662 0.005814
1 0.143169 0.834757 0.004118 0.009993
1 0.148861 0.834575 0.00436 0.009629
1 0.111192 0.864099 0.009205 0.008721
1 0.209181 0.892169 0.00436 0.009629
1 0.169937 0.924873 0.004118 0.009993
1 0.158067 0.924873 0.004118 0.009993
1 0.163881 0.906523 0.004118 0.009993
1 0.169453 0.906523 0.004118 0.009993
1 0.163639 0.924873 0.004118 0.009993
1 0.150557 0.925236 0.004118 0.009993
1 0.140141 0.925236 0.004118 0.009993
1 0.145228 0.906523 0.004118 0.009993
1 0.150557 0.906159 0.004118 0.009993
1 0.140141 0.906886 0.004118 0.009993
1 0.158067 0.906886 0.004118 0.009993
4 0.154433 0.871003 0.028101 0.041788
0 0.085635 0.729106 0.034641 0.053779
0 0.09593 0.146984 0.034641 0.053779
0 0.170785 0.414062 0.034641 0.053779
0 0.170906 0.58085 0.034641 0.053779
0 0.170906 0.653161 0.034641 0.053779
2 0.139353 0.146802 0.024588 0.041424
2 0.103561 0.675418 0.025436 0.040516
4 0.154251 0.870458 0.02798 0.041424
4 0.175993 0.234193 0.028585 0.049782
4 0.175872 0.303234 0.028585 0.049782
4 0.156129 0.726926 0.028585 0.049782
4 0.156734 0.802507 0.028585 0.049782
4 0.237464 0.378815 0.028222 0.042878
4 0.23819 0.526708 0.028222 0.042878
4 0.238069 0.600109 0.028222 0.042878
4 0.238433 0.673328 0.028222 0.042878
4 0.237827 0.452943 0.028222 0.042878
4 0.112524 0.329578 0.028585 0.041424
4 0.108648 0.412518 0.0172 0.026708
1 0.092539 0.311047 0.004603 0.010538
4 0.132934 0.486646 0.033794 0.051054
2 0.223898 0.235374 0.051235 0.054324
2 0.291061 0.527889 0.053052 0.055778
2 0.204397 0.727653 0.052204 0.053779
2 0.205002 0.799055 0.052204 0.053779
2 0.292393 0.602471 0.053052 0.054869
2 0.291424 0.6756 0.053052 0.055778
2 0.225291 0.304324 0.053052 0.054869
2 0.291909 0.381359 0.053052 0.054869
2 0.29094 0.453125 0.053052 0.054869
2 0.130148 0.620458 0.036216 0.054869
4 0.294695 0.302416 0.0172 0.024891
0 0.593568 0.121275 0.011991 0.01181
0 0.62821 0.121275 0.011991 0.01181
0 0.527192 0.120549 0.011991 0.01181
0 0.507934 0.120912 0.011991 0.01181
0 0.414547 0.120549 0.011991 0.01181
0 0.397226 0.120185 0.011991 0.01181
0 0.380269 0.119822 0.011991 0.01181
0 0.363433 0.119822 0.011991 0.01181
0 0.482861 0.119822 0.011991 0.01181
0 0.465782 0.119822 0.011991 0.01181
0 0.448583 0.119822 0.011991 0.01181
0 0.431747 0.119822 0.011991 0.01181
0 0.55929 0.121275 0.011991 0.01181
0 0.576369 0.121275 0.011991 0.01181
0 0.613675 0.193314 0.008115 0.006904
0 0.339268 0.360374 0.008236 0.017987
0 0.348413 0.585302 0.007873 0.01835
0 0.35883 0.585483 0.007631 0.017987
0 0.342842 0.436319 0.007873 0.01835
0 0.3535 0.436137 0.007631 0.017987
0 0.363857 0.435956 0.008479 0.017624
0 0.343811 0.507903 0.007873 0.01835
0 0.353985 0.507903 0.008115 0.017987
0 0.364583 0.507903 0.008479 0.017624
0 0.40837 0.89335 0.011507 0.012355
0 0.644804 0.891352 0.011991 0.012355
0 0.373244 0.893259 0.011749 0.011083
0 0.627846 0.890988 0.011991 0.012355
0 0.425206 0.893169 0.011991 0.012355
0 0.390686 0.893532 0.011991 0.012355
0 0.47632 0.892442 0.011991 0.012355
0 0.442284 0.892442 0.011991 0.012355
0 0.493399 0.892442 0.011991 0.012355
0 0.459363 0.892442 0.011991 0.012355
0 0.510477 0.892078 0.011991 0.012355
0 0.527313 0.892078 0.011991 0.012355
0 0.577459 0.891715 0.011991 0.012355
0 0.594053 0.891352 0.011991 0.012355
0 0.61101 0.891352 0.011991 0.012355
1 0.349746 0.893532 0.006662 0.006541
1 0.358951 0.893169 0.006662 0.006541
0 0.641473 0.547148 0.008236 0.01835
0 0.641473 0.465389 0.008236 0.01835
0 0.641473 0.492642 0.008236 0.01835
0 0.641715 0.519531 0.008236 0.01835
0 0.559593 0.547148 0.008236 0.01835
0 0.559593 0.465389 0.008236 0.01835
0 0.559593 0.493368 0.008236 0.01835
0 0.559593 0.520621 0.008236 0.01835
0 0.623304 0.547148 0.008236 0.01835
0 0.623304 0.465389 0.008236 0.01835
0 0.623304 0.492642 0.008236 0.01835
0 0.623304 0.519895 0.008236 0.01835
0 0.578004 0.547511 0.008236 0.01835
0 0.577277 0.465389 0.008236 0.01835
0 0.578004 0.492642 0.008236 0.01835
0 0.578004 0.520258 0.008236 0.01835
0 0.568556 0.547148 0.008236 0.01835
0 0.568556 0.465389 0.008236 0.01835
0 0.568798 0.493005 0.008236 0.01835
0 0.568556 0.520621 0.008236 0.01835
0 0.596172 0.547148 0.008236 0.01835
0 0.59593 0.465389 0.008236 0.01835
0 0.596172 0.493005 0.008236 0.01835
0 0.596172 0.520258 0.008236 0.01835
0 0.586967 0.547148 0.008236 0.01835
0 0.586967 0.465389 0.008236 0.01835
0 0.586967 0.492642 0.008236 0.01835
0 0.586967 0.519895 0.008236 0.01835
0 0.614099 0.547511 0.008236 0.01835
0 0.614099 0.465389 0.008236 0.01835
0 0.614099 0.492642 0.008236 0.01835
0 0.614341 0.520258 0.008236 0.01835
0 0.605136 0.547148 0.008236 0.01835
0 0.604893 0.465389 0.008236 0.01835
0 0.605378 0.493005 0.008236 0.01835
0 0.605136 0.520621 0.008236 0.01835
0 0.632267 0.546784 0.008236 0.01835
0 0.63251 0.465389 0.008236 0.01835
0 0.63251 0.492278 0.008236 0.01835
0 0.63251 0.520258 0.008236 0.01835
0 0.610647 0.120912 0.011991 0.01181
1 0.543241 0.121457 0.00969 0.008903
1 0.495337 0.122275 0.00642 0.006177
0 0.543605 0.891715 0.009932 0.008721
0 0.959484 0.77807 0.007389 0.016897
0 0.949552 0.778252 0.007389 0.016533
0 0.932413 0.79415 0.008963 0.008358
0 0.920482 0.794513 0.006177 0.005451
0 0.981226 0.785429 0.005329 0.013445
0 0.966085 0.814226 0.003634 0.008903
0 0.857376 0.115734 0.007146 0.005814
0 0.867188 0.115552 0.00642 0.006177
0 0.921814 0.192315 0.007631 0.01726
0 0.929142 0.194858 0.003876 0.009266
0 0.975048 0.191951 0.003876 0.009629
0 0.958031 0.220203 0.005935 0.013445
0 0.86634 0.195312 0.006177 0.005814
0 0.858224 0.195312 0.00642 0.006541
0 0.982013 0.229015 0.007873 0.01726
0 0.992248 0.228652 0.008479 0.016897
0 0.913094 0.245367 0.007631 0.017624
0 0.95797 0.292787 0.003876 0.010356
0 0.939922 0.310047 0.003634 0.009629
0 0.939862 0.324219 0.003513 0.009629
0 0.905584 0.349382 0.00642 0.005451
0 0.924479 0.363917 0.011022 0.028343
0 0.939922 0.371094 0.004118 0.009629
0 0.956032 0.371094 0.004118 0.009993
0 0.964753 0.375727 0.005572 0.013808
0 0.97517 0.375545 0.005572 0.013445
0 0.941073 0.385538 0.00642 0.005814
0 0.949673 0.385174 0.006177 0.005814
0 0.906916 0.397892 0.006177 0.005814
0 0.921512 0.411882 0.005572 0.014535
0 0.928295 0.412155 0.003876 0.009266
0 0.933624 0.411791 0.003876 0.009266
0 0.920724 0.460938 0.006177 0.005814
0 0.920482 0.452943 0.006177 0.005814
0 0.920724 0.441497 0.006177 0.005814
0 0.920724 0.433866 0.006177 0.005814
0 0.906432 0.443314 0.006177 0.006177
0 0.961422 0.437137 0.006177 0.006177
0 0.96118 0.444767 0.006177 0.005451
0 0.951672 0.477198 0.004118 0.009629
0 0.946463 0.477198 0.003876 0.009629
0 0.907764 0.498183 0.006177 0.006177
0 0.921754 0.507722 0.00969 0.009266
0 0.93108 0.503361 0.003876 0.009629
0 0.93641 0.503725 0.003634 0.008903
0 0.963299 0.524891 0.005814 0.005451
0 0.96336 0.532885 0.00642 0.005814
0 0.921391 0.526344 0.005814 0.005814
0 0.921088 0.534157 0.006177 0.005451
0 0.921572 0.542151 0.006177 0.006177
0 0.921451 0.5496 0.005935 0.005451
0 0.948522 0.569313 0.003876 0.009629
0 0.953852 0.568768 0.003876 0.009266
0 0.852047 0.467115 0.006177 0.005451
0 0.852047 0.423328 0.006177 0.005451
0 0.851926 0.513445 0.005935 0.006177
0 0.879724 0.582122 0.018169 0.014535
0 0.879603 0.601926 0.018411 0.015262
0 0.878876 0.618459 0.00969 0.008358
0 0.856771 0.64226 0.00642 0.006177
0 0.856771 0.659611 0.005935 0.004906
0 0.893593 0.663154 0.00642 0.005814
0 0.924843 0.70685 0.011265 0.011083
0 0.924964 0.723746 0.011022 0.011083
0 0.955245 0.71548 0.006177 0.006177
0 0.967357 0.737645 0.006177 0.005814
0 0.976562 0.737282 0.006177 0.005814
1 0.927023 0.111737 0.00642 0.006541
1 0.867188 0.125 0.006904 0.006177
1 0.849261 0.203852 0.006904 0.006541
1 0.858224 0.204215 0.006904 0.005814
1 0.858103 0.213299 0.006662 0.006177
1 0.951187 0.211573 0.004603 0.010719
1 0.970567 0.292424 0.00436 0.011083
1 0.976139 0.292605 0.003876 0.010719
1 0.945494 0.274073 0.00436 0.011083
1 0.951914 0.274255 0.004118 0.010719
1 0.95797 0.274073 0.00436 0.011083
1 0.963178 0.273528 0.004118 0.010719
1 0.946221 0.293514 0.00436 0.011083
1 0.952156 0.292242 0.004118 0.010719
1 0.981226 0.293332 0.003876 0.010719
1 0.98819 0.301054 0.007146 0.005451
1 0.98819 0.310683 0.00642 0.006541
1 0.98819 0.318496 0.006904 0.005814
1 0.987948 0.327398 0.00642 0.006177
1 0.98819 0.343932 0.00642 0.006177
1 0.988069 0.353016 0.006177 0.006541
1 0.981226 0.371639 0.003876 0.009993
1 0.950339 0.371094 0.00436 0.009993
1 0.944889 0.370549 0.004118 0.009629
1 0.939256 0.334666 0.006177 0.005814
1 0.939256 0.34375 0.00642 0.005814
1 0.824915 0.3621 0.006662 0.006541
1 0.851562 0.34375 0.006662 0.006541
0 0.825279 0.370094 0.00642 0.006177
1 0.8254 0.414608 0.006662 0.006541
1 0.851926 0.414608 0.006662 0.006541
1 0.825157 0.378997 0.006662 0.006541
1 0.825279 0.387536 0.006662 0.006541
1 0.851805 0.396621 0.006662 0.006541
1 0.851684 0.404797 0.006662 0.006541
1 0.8254 0.396984 0.006662 0.006541
1 0.838966 0.413881 0.006662 0.006541
1 0.838723 0.397347 0.006662 0.006541
1 0.851562 0.359375 0.006662 0.006541
0 0.851926 0.367733 0.00642 0.006177
1 0.851805 0.375182 0.006662 0.006541
1 0.851684 0.383721 0.006662 0.006541
1 0.852047 0.432413 0.006662 0.005814
1 0.851805 0.440589 0.006904 0.006177
1 0.851805 0.449491 0.006177 0.006541
1 0.851562 0.457849 0.007389 0.005451
1 0.838844 0.427326 0.006904 0.005814
1 0.835877 0.437773 0.003634 0.010356
1 0.841449 0.437954 0.00436 0.010719
1 0.83836 0.449855 0.00642 0.006177
1 0.838481 0.467297 0.006177 0.005814
1 0.825279 0.467478 0.00642 0.006904
1 0.83836 0.484375 0.00642 0.006177
1 0.83836 0.502362 0.00642 0.006177
1 0.838481 0.513263 0.006662 0.006541
1 0.825642 0.502544 0.006662 0.006541
1 0.8254 0.513445 0.006177 0.006177
1 0.851805 0.476017 0.006662 0.005814
1 0.851926 0.484557 0.005935 0.005814
1 0.851926 0.498547 0.00642 0.006904
1 0.925751 0.477562 0.003876 0.009629
1 0.956638 0.503361 0.004118 0.009629
1 0.943072 0.56895 0.004118 0.010719
1 0.938711 0.411973 0.004118 0.010356
1 0.943314 0.411791 0.003634 0.009993
1 0.953852 0.411791 0.003876 0.009993
1 0.974988 0.402071 0.006177 0.014172
1 0.96445 0.402071 0.006177 0.014172
1 0.906311 0.452035 0.00642 0.006177
1 0.825642 0.529797 0.006662 0.006541
1 0.825763 0.54742 0.00642 0.007267
1 0.851926 0.529797 0.00642 0.006541
0 0.83836 0.529978 0.00642 0.006177
1 0.941618 0.503725 0.003876 0.009629
1 0.946221 0.503361 0.003876 0.009629
1 0.936168 0.477198 0.004118 0.009629
1 0.941497 0.477198 0.003634 0.009629
1 0.937984 0.56895 0.003876 0.009993
1 0.92781 0.569495 0.00436 0.010356
1 0.996124 0.556595 0.004118 0.009629
1 0.989947 0.556777 0.00436 0.009993
1 0.983769 0.556777 0.003876 0.009993
1 0.978682 0.576762 0.00436 0.009993
1 0.984738 0.576217 0.00436 0.010356
1 0.99031 0.576399 0.004118 0.010356
1 0.996124 0.576399 0.004118 0.009266
1 0.948886 0.597293 0.004118 0.010356
1 0.925872 0.610556 0.004118 0.009993
1 0.9203 0.611464 0.00436 0.010719
1 0.846051 0.603289 0.00436 0.010356
1 0.839632 0.603107 0.00436 0.009993
1 0.825279 0.619731 0.00642 0.005451
1 0.825642 0.628634 0.006662 0.006541
1 0.85665 0.624092 0.006662 0.006541
1 0.856529 0.632812 0.00642 0.005814
1 0.892442 0.640898 0.004118 0.009629
1 0.959908 0.666334 0.004603 0.009993
1 0.966328 0.666334 0.00436 0.009629
1 0.971899 0.66597 0.004118 0.010356
1 0.977471 0.666334 0.004118 0.009993
1 0.986858 0.666788 0.006904 0.006904
1 0.993702 0.66597 0.00436 0.009993
1 0.954881 0.677144 0.006904 0.006177
1 0.954881 0.686228 0.006904 0.006541
1 0.955002 0.695676 0.007146 0.006541
1 0.924055 0.692133 0.00969 0.009266
1 0.941921 0.705487 0.007146 0.006904
1 0.955245 0.724564 0.006662 0.005814
1 0.954639 0.734375 0.006904 0.006904
1 0.941921 0.734557 0.007146 0.006541
1 0.942163 0.725109 0.007146 0.006177
1 0.941921 0.71548 0.007146 0.005451
1 0.983527 0.739916 0.00436 0.009629
1 0.989341 0.739916 0.004118 0.010356
1 0.987524 0.787336 0.004118 0.010356
1 0.923874 0.889172 0.006662 0.006177
1 0.89117 0.8879 0.007389 0.006541
1 0.856892 0.650618 0.006177 0.006177
2 0.949188 0.903525 0.040334 0.075218
2 0.954155 0.10665 0.040334 0.075218
4 0.949976 0.177871 0.03343 0.041424
4 0.946463 0.828488 0.032946 0.041788
0 0.896621 0.79315 0.039365 0.051781
0 0.930051 0.763899 0.039608 0.051781
4 0.963905 0.331305 0.027616 0.039789
2 0.916 0.32113 0.02483 0.038699
4 0.941739 0.536882 0.023014 0.034157
4 0.939922 0.445312 0.023014 0.034157
2 0.879603 0.561228 0.018411 0.014898
5 0.846899 0.574491 0.012839 0.012355
4 0.87712 0.64435 0.021197 0.031068
2 0.896802 0.7004 0.037064 0.054869
4 0.980378 0.703125 0.027859 0.041061
0 0.941194 0.237555 0.039365 0.051781
0 0.895288 0.216842 0.039608 0.051781
