0 0.26375 0.71125 0.13875 0.1075
0 0.393437 0.14 0.080625 0.188333
0 0.200937 0.340833 0.045625 0.1
0 0.394375 0.38375 0.03125 0.069167
0 0.125625 0.39875 0.03125 0.069167
0 0.09625 0.613333 0.07875 0.188333
0 0.35125 0.825833 0.07375 0.058333
0 0.133125 0.8225 0.0475 0.043333
1 0.7225 0.911667 0.07375 0.063333
1 0.291563 0.207917 0.049375 0.1025
1 0.305937 0.3575 0.033125 0.07
1 0.349687 0.355833 0.033125 0.07
1 0.205 0.492083 0.0425 0.1025
1 0.23625 0.82125 0.07375 0.059167
1 0.284687 0.9025 0.051875 0.041667
1 0.533438 0.646667 0.051875 0.041667
1 0.535312 0.753333 0.051875 0.041667
1 0.747812 0.825 0.051875 0.041667
1 0.8325 0.624583 0.0325 0.0675
3 0.020313 0.724583 0.034375 0.109167
2 0.49875 0.42375 0.14375 0.180833
5 0.670625 0.693333 0.09 0.191667
5 0.940625 0.702083 0.09375 0.194167
4 0.321875 0.490417 0.10625 0.130833
