0 0.863437 0.10625 0.129375 0.1225
0 0.869375 0.811667 0.13125 0.118333
1 0.729688 0.953333 0.038125 0.085
0 0.02625 0.912917 0.02375 0.050833
0 0.0825 0.910417 0.03875 0.030833
0 0.306875 0.13625 0.02375 0.050833
0 0.47625 0.21875 0.02375 0.050833
0 0.01875 0.30125 0.02375 0.050833
0 0.0225 0.455417 0.02375 0.050833
0 0.64 0.21875 0.03625 0.030833
0 0.593125 0.445417 0.03875 0.030833
0 0.364375 0.374583 0.03875 0.030833
0 0.249375 0.375417 0.03875 0.030833
0 0.08 0.45625 0.03875 0.030833
0 0.079375 0.37875 0.02375 0.050833
0 0.08 0.534583 0.03875 0.030833
0 0.0725 0.68125 0.03875 0.030833
0 0.370625 0.752083 0.03875 0.030833
0 0.54 0.827083 0.03875 0.030833
0 0.481875 0.974583 0.03875 0.030833
0 0.32 0.982917 0.03875 0.030833
0 0.134375 0.604583 0.02375 0.050833
0 0.168125 0.872917 0.02375 0.050833
0 0.021875 0.759583 0.02375 0.050833
1 0.155 0.205833 0.065 0.056667
1 0.15375 0.286667 0.065 0.056667
1 0.156875 0.3625 0.065 0.056667
1 0.156875 0.440833 0.065 0.056667
1 0.15875 0.516667 0.065 0.056667
1 0.15875 0.516667 0.065 0.056667
1 0.16 0.670833 0.065 0.056667
1 0.15875 0.746667 0.065 0.056667
0 0.502188 0.58125 0.104375 0.075833
0 0.503125 0.924583 0.1 0.0725
