0 0.453437 0.118333 0.063125 0.055
0 0.454062 0.31125 0.061875 0.055833
0 0.455625 0.701667 0.0625 0.058333
1 0.286562 0.747083 0.030625 0.025833
0 0.11875 0.73125 0.0125 0.025833
0 0.009062 0.28875 0.016875 0.015833
0 0.159375 0.09375 0.01125 0.025833
0 0.075 0.057917 0.01125 0.025833
0 0.020625 0.15875 0.01125 0.025833
0 0.286562 0.06625 0.019375 0.015833
0 0.339687 0.100417 0.019375 0.015833
0 0.279687 0.137083 0.019375 0.015833
0 0.315937 0.17375 0.019375 0.015833
0 0.009375 0.507917 0.01625 0.015833
0 0.118125 0.20875 0.0125 0.025833
0 0.035625 0.287917 0.0125 0.025833
0 0.0375 0.36125 0.0125 0.025833
0 0.061875 0.322917 0.0125 0.025833
0 0.145 0.287083 0.0125 0.025833
0 0.144375 0.32375 0.0125 0.025833
0 0.225625 0.242083 0.0125 0.025833
0 0.228125 0.28625 0.0125 0.025833
0 0.228125 0.32375 0.0125 0.025833
0 0.280938 0.21125 0.019375 0.015833
0 0.197813 0.287083 0.019375 0.015833
0 0.091563 0.360417 0.019375 0.015833
0 0.145937 0.360417 0.019375 0.015833
0 0.174063 0.359583 0.019375 0.015833
0 0.285313 0.324583 0.019375 0.015833
0 0.314063 0.322917 0.019375 0.015833
0 0.339687 0.395417 0.019375 0.015833
0 0.284687 0.39625 0.019375 0.015833
0 0.201563 0.397917 0.019375 0.015833
0 0.146563 0.507083 0.019375 0.015833
0 0.012188 0.399583 0.019375 0.015833
0 0.009062 0.470417 0.016875 0.015833
0 0.091563 0.399583 0.019375 0.015833
0 0.090938 0.469583 0.019375 0.015833
0 0.201563 0.430417 0.019375 0.015833
0 0.288438 0.467917 0.019375 0.015833
0 0.340938 0.469583 0.019375 0.015833
0 0.340313 0.54375 0.019375 0.015833
0 0.174063 0.469583 0.019375 0.015833
0 0.209687 0.800417 0.019375 0.015833
0 0.174063 0.544583 0.019375 0.015833
0 0.114687 0.547083 0.019375 0.015833
0 0.200625 0.35875 0.0125 0.025833
0 0.173125 0.502917 0.0125 0.025833
0 0.2425 0.417917 0.0125 0.025833
0 0.22875 0.545417 0.0125 0.025833
0 0.145625 0.545417 0.0125 0.025833
0 0.090625 0.547083 0.0125 0.025833
0 0.06125 0.509583 0.0125 0.025833
0 0.035 0.509583 0.0125 0.025833
0 0.008125 0.547083 0.0125 0.025833
0 0.03625 0.58375 0.0125 0.025833
0 0.20125 0.582083 0.0125 0.025833
0 0.229375 0.61625 0.0125 0.025833
0 0.0075 0.740417 0.0125 0.025833
0 0.202187 0.545417 0.019375 0.015833
0 0.227813 0.58125 0.019375 0.015833
0 0.289062 0.582083 0.019375 0.015833
0 0.339687 0.617083 0.019375 0.015833
0 0.119063 0.65625 0.019375 0.015833
0 0.230937 0.69375 0.019375 0.015833
0 0.340938 0.692917 0.019375 0.015833
0 0.344062 0.72875 0.019375 0.015833
0 0.289062 0.804583 0.019375 0.015833
1 0.13 0.229583 0.0325 0.0275
0 0.202813 0.378333 0.031875 0.023333
3 0.369688 0.124167 0.028125 0.065
1 0.42625 0.152917 0.0325 0.0275
0 0.424063 0.355417 0.030625 0.024167
1 0.424687 0.39375 0.031875 0.0275
1 0.135937 0.59375 0.019375 0.0425
0 0.161562 0.59375 0.018125 0.039167
1 0.185938 0.595 0.020625 0.045
0 0.213125 0.59625 0.02 0.039167
1 0.262188 0.575417 0.020625 0.044167
0 0.285938 0.575417 0.018125 0.0375
0 0.437812 0.581667 0.020625 0.041667
0 0.440625 0.7175 0.0175 0.043333
1 0.479375 0.73625 0.035 0.025833
1 0.479063 0.799167 0.031875 0.026667
1 0.477812 0.840833 0.031875 0.025
4 0.359375 0.577917 0.09375 0.0975
1 0.4775 0.87625 0.0325 0.029167
0 0.442188 0.92125 0.018125 0.0425
1 0.041875 0.88875 0.03375 0.029167
