0 0.592187 0.6375 0.101875 0.076667
1 0.7725 0.628333 0.06125 0.055
1 0.774375 0.8875 0.06125 0.055
1 0.884375 0.719167 0.06125 0.055
1 0.8825 0.800833 0.06125 0.055
1 0.6425 0.085833 0.0375 0.093333
3 0.448125 0.14625 0.15875 0.1275
0 0.704063 0.106667 0.055625 0.121667
0 0.830937 0.155 0.080625 0.161667
0 0.925 0.150833 0.08 0.156667
1 0.510625 0.280833 0.0625 0.055
1 0.713437 0.435833 0.065625 0.055
0 0.325313 0.629167 0.176875 0.126667
0 0.322188 0.814583 0.183125 0.130833
0 0.612812 0.61375 0.056875 0.045833
4 0.873437 0.77375 0.236875 0.385833
