0 0.159062 0.03 0.021875 0.018333
1 0.326875 0.25625 0.03125 0.0225
1 0.327188 0.290833 0.030625 0.026667
1 0.119688 0.507083 0.033125 0.024167
1 0.119688 0.54125 0.033125 0.024167
1 0.118438 0.577917 0.033125 0.024167
1 0.119688 0.61375 0.033125 0.024167
1 0.119688 0.64625 0.033125 0.024167
1 0.119688 0.68375 0.033125 0.024167
1 0.119688 0.717917 0.033125 0.024167
1 0.120938 0.75375 0.033125 0.024167
1 0.119688 0.789583 0.033125 0.024167
0 0.168437 0.505833 0.026875 0.021667
0 0.169063 0.54 0.029375 0.023333
0 0.169063 0.575 0.029375 0.023333
0 0.169063 0.6125 0.029375 0.023333
0 0.169063 0.6475 0.029375 0.023333
0 0.169063 0.6825 0.029375 0.023333
0 0.170313 0.716667 0.029375 0.023333
0 0.168437 0.751667 0.029375 0.023333
0 0.169063 0.789167 0.029375 0.023333
0 0.414062 0.481667 0.029375 0.023333
0 0.415938 0.5175 0.029375 0.023333
0 0.414375 0.549167 0.03375 0.026667
1 0.486875 0.48125 0.0325 0.025833
4 0.459375 0.314583 0.13375 0.245833
2 0.422187 0.595 0.044375 0.033333
