1 0.715625 0.981667 0.0475 0.035
3 0.615625 0.105 0.11125 0.065
0 0.223125 0.3375 0.04625 0.041667
0 0.74125 0.275417 0.04625 0.039167
0 0.888437 0.27375 0.045625 0.040833
0 0.5025 0.38375 0.0325 0.069167
0 0.499688 0.500417 0.030625 0.0675
0 0.500938 0.634583 0.033125 0.065833
1 0.446562 0.710417 0.051875 0.045833
1 0.449062 0.763333 0.050625 0.041667
1 0.45 0.837083 0.04875 0.0475
1 0.45 0.9325 0.0525 0.048333
0 0.510625 0.958333 0.0325 0.065
4 0.284375 0.574167 0.2225 0.22
4 0.783125 0.639167 0.43 0.526667
