1 0.11531 0.166152 0.005087 0.013626
1 0.161882 0.166697 0.005451 0.0129
1 0.177871 0.166334 0.005451 0.0129
1 0.314862 0.365825 0.005451 0.013263
1 0.220385 0.426145 0.008842 0.008176
1 0.190589 0.380996 0.0086 0.007631
1 0.178719 0.41806 0.008842 0.007631
1 0.225472 0.478834 0.005451 0.013263
1 0.243944 0.502362 0.005087 0.012355
1 0.098413 0.498183 0.005451 0.012355
1 0.116582 0.498092 0.005693 0.013263
4 0.286943 0.389989 0.046512 0.058321
1 0.14983 0.559956 0.008236 0.007631
1 0.222565 0.547602 0.0086 0.007631
1 0.230317 0.558321 0.008842 0.007631
1 0.172662 0.576036 0.008842 0.008176
4 0.139959 0.5873 0.022892 0.020531
4 0.178537 0.642078 0.038275 0.062137
1 0.133055 0.620821 0.008842 0.007631
1 0.132389 0.647983 0.009448 0.008176
1 0.228258 0.634993 0.008842 0.007631
1 0.309593 0.67996 0.005087 0.013626
1 0.218508 0.752816 0.005087 0.0129
1 0.176902 0.75536 0.005451 0.013626
1 0.169089 0.755541 0.005087 0.013263
1 0.162003 0.770712 0.0086 0.007631
1 0.222263 0.769077 0.008236 0.007631
1 0.180535 0.770349 0.009084 0.007631
1 0.16806 0.829942 0.0086 0.007631
1 0.16806 0.808503 0.0086 0.007631
1 0.16806 0.79742 0.0086 0.007631
1 0.167212 0.78452 0.0086 0.007631
1 0.167938 0.819222 0.0086 0.007631
1 0.120761 0.745912 0.005087 0.0129
4 0.076248 0.797238 0.07546 0.059593
1 0.061228 0.880269 0.008842 0.007267
1 0.04306 0.889807 0.008842 0.008176
1 0.035671 0.87827 0.009084 0.007631
1 0.119307 0.890171 0.009448 0.008176
1 0.574552 0.551326 0.008842 0.008176
1 0.587633 0.551508 0.008842 0.008539
1 0.51944 0.55387 0.008842 0.008176
1 0.519804 0.564953 0.009084 0.008176
1 0.519562 0.576308 0.0086 0.007631
1 0.51944 0.586755 0.008842 0.008176
1 0.588178 0.481559 0.005087 0.0129
1 0.595749 0.482104 0.005451 0.013263
1 0.558745 0.481559 0.005087 0.0129
1 0.566315 0.481741 0.005451 0.013263
1 0.543847 0.481922 0.005087 0.0129
1 0.551175 0.481377 0.005451 0.013263
1 0.528706 0.481195 0.005087 0.0129
1 0.536277 0.481377 0.005451 0.013263
1 0.573643 0.481559 0.005087 0.0129
1 0.581214 0.481741 0.005451 0.013263
1 0.403888 0.452035 0.009084 0.007631
1 0.413457 0.437954 0.005451 0.013626
1 0.686834 0.199945 0.008842 0.008176
1 0.686955 0.210302 0.009084 0.008176
1 0.69725 0.21557 0.005693 0.0129
1 0.735405 0.594023 0.008842 0.008176
1 0.752241 0.599201 0.005451 0.012355
1 0.771136 0.617823 0.005451 0.013626
1 0.739038 0.61419 0.008842 0.008176
1 0.805051 0.720749 0.008842 0.007631
1 0.804566 0.730832 0.008842 0.008176
1 0.825157 0.725836 0.009084 0.007631
1 0.782158 0.774073 0.005451 0.013626
1 0.758539 0.774255 0.005451 0.013626
1 0.773922 0.75318 0.005451 0.013626
1 0.765928 0.754088 0.005451 0.013626
1 0.821281 0.77371 0.005451 0.013626
1 0.813287 0.774255 0.005451 0.013626
1 0.805656 0.774073 0.005451 0.013626
1 0.797905 0.774618 0.005451 0.013626
1 0.824915 0.746366 0.0086 0.007631
0 0.273619 0.265262 0.006056 0.014535
0 0.280281 0.265716 0.004603 0.0129
0 0.273619 0.207849 0.006056 0.014535
0 0.280281 0.20794 0.004603 0.0129
0 0.261143 0.285792 0.008236 0.007631
0 0.259932 0.364916 0.005087 0.013263
0 0.256177 0.413608 0.005087 0.0129
0 0.324734 0.42569 0.011386 0.026163
0 0.267866 0.50109 0.016836 0.016352
0 0.267624 0.526526 0.017078 0.016352
0 0.174176 0.562591 0.013081 0.011083
0 0.122396 0.578943 0.005451 0.0129
0 0.220203 0.615916 0.005087 0.012355
0 0.230984 0.610556 0.011143 0.024891
0 0.267987 0.617551 0.017078 0.016715
0 0.267381 0.641715 0.017078 0.017078
0 0.317648 0.745004 0.011991 0.025618
0 0.227229 0.784702 0.006056 0.014172
0 0.227895 0.805414 0.005693 0.014535
0 0.1875 0.784884 0.006056 0.014172
0 0.187682 0.809593 0.005693 0.014535
0 0.195191 0.784702 0.005451 0.012355
0 0.195373 0.809684 0.004845 0.0129
0 0.234617 0.785065 0.006056 0.014172
0 0.234799 0.805414 0.005693 0.014535
0 0.242006 0.805505 0.004845 0.0129
0 0.242188 0.785065 0.005451 0.012355
0 0.043362 0.737282 0.007994 0.007631
0 0.119549 0.833757 0.008236 0.007631
0 0.120761 0.766443 0.005087 0.0129
0 0.392381 0.74564 0.011749 0.026163
0 0.429021 0.74564 0.011386 0.026163
0 0.478743 0.659248 0.017078 0.017624
0 0.609254 0.650254 0.010901 0.023619
0 0.526647 0.841116 0.011143 0.024891
0 0.566134 0.842206 0.011386 0.025618
0 0.601865 0.842024 0.011386 0.025254
0 0.591691 0.845294 0.004845 0.0129
0 0.555838 0.845022 0.005087 0.012355
0 0.537791 0.844931 0.005087 0.0129
0 0.505875 0.587391 0.0086 0.007267
0 0.505875 0.575581 0.0086 0.007267
0 0.505875 0.564317 0.0086 0.007267
0 0.505875 0.553234 0.0086 0.007267
0 0.478137 0.551054 0.017078 0.017078
0 0.596536 0.622002 0.004845 0.0129
0 0.390746 0.425781 0.011386 0.025618
0 0.431928 0.426508 0.011386 0.025254
0 0.478561 0.460574 0.017442 0.017078
0 0.616764 0.484012 0.010901 0.023619
0 0.528585 0.461937 0.005087 0.013263
0 0.536216 0.462118 0.005087 0.013263
0 0.558503 0.461573 0.005087 0.013263
0 0.566134 0.461755 0.005087 0.013263
0 0.573159 0.46121 0.005087 0.013263
0 0.581032 0.461755 0.005087 0.013263
0 0.588178 0.461573 0.005087 0.013263
0 0.595567 0.462118 0.005087 0.013263
0 0.543726 0.461483 0.004845 0.012355
0 0.551114 0.461755 0.005087 0.013263
0 0.676175 0.204851 0.005451 0.0129
0 0.760296 0.617823 0.005087 0.0129
0 0.75866 0.808503 0.007389 0.019622
0 0.327398 0.615189 0.003391 0.008721
0 0.299297 0.649709 0.003634 0.008358
0 0.313106 0.614462 0.005572 0.005451
0 0.298328 0.680414 0.003391 0.008721
0 0.312742 0.701672 0.003391 0.008721
0 0.319767 0.7004 0.003391 0.008721
0 0.33406 0.7004 0.003391 0.008721
0 0.340964 0.680414 0.003391 0.008721
0 0.319767 0.658249 0.003391 0.008721
0 0.341206 0.657522 0.003391 0.008721
0 0.348353 0.647529 0.003391 0.008721
0 0.348353 0.636628 0.003391 0.008721
0 0.355862 0.62609 0.003391 0.008721
0 0.362766 0.636628 0.003391 0.008721
0 0.370397 0.647529 0.003391 0.008721
0 0.376453 0.647529 0.003391 0.008721
0 0.376696 0.679324 0.003391 0.008721
0 0.362766 0.680596 0.003391 0.008721
0 0.362524 0.700763 0.003391 0.008721
0 0.348353 0.700763 0.003391 0.008721
0 0.376696 0.700763 0.003391 0.008721
0 0.390746 0.690589 0.003391 0.008721
0 0.390504 0.680051 0.003391 0.008721
0 0.412306 0.678416 0.003391 0.008721
0 0.419453 0.691679 0.003391 0.008721
0 0.42672 0.678234 0.003391 0.008721
0 0.440165 0.681504 0.003391 0.008721
0 0.433261 0.701126 0.003391 0.008721
0 0.398135 0.646076 0.003391 0.008721
0 0.383842 0.63681 0.003391 0.008721
0 0.383842 0.626635 0.003391 0.008721
0 0.383963 0.518895 0.003391 0.008721
0 0.376696 0.604833 0.003391 0.008721
0 0.36313 0.604469 0.003391 0.008721
0 0.348353 0.613917 0.003391 0.008721
0 0.334666 0.657885 0.005572 0.005451
0 0.341328 0.646984 0.005572 0.005451
0 0.348353 0.657885 0.005572 0.005451
0 0.35671 0.636265 0.005572 0.005451
0 0.372578 0.663336 0.005572 0.005451
0 0.383721 0.646984 0.005572 0.005451
0 0.390988 0.658249 0.005572 0.005451
0 0.398014 0.657885 0.005572 0.005451
0 0.406613 0.657522 0.005572 0.005451
0 0.446221 0.674237 0.005572 0.005451
0 0.456516 0.642442 0.005572 0.005451
0 0.435441 0.631359 0.005572 0.005451
0 0.426478 0.49782 0.005572 0.005451
0 0.398135 0.625908 0.005572 0.005451
0 0.390867 0.626453 0.005572 0.005451
0 0.348232 0.625727 0.005572 0.005451
0 0.413517 0.615371 0.005572 0.005451
0 0.442587 0.599019 0.005572 0.005451
0 0.423086 0.578307 0.005572 0.005451
0 0.398135 0.583757 0.005572 0.005451
0 0.391352 0.59375 0.005572 0.005451
0 0.384205 0.584121 0.005572 0.005451
0 0.355499 0.592842 0.005572 0.005451
0 0.355378 0.583212 0.005572 0.005451
0 0.341449 0.583576 0.005572 0.005451
0 0.348474 0.572493 0.005572 0.005451
0 0.311773 0.571403 0.005572 0.005451
0 0.290092 0.556323 0.005572 0.005451
0 0.305475 0.518895 0.005572 0.005451
0 0.313227 0.487464 0.005572 0.005451
0 0.334302 0.498001 0.005572 0.005451
0 0.326308 0.529797 0.005572 0.005451
0 0.369549 0.5625 0.005572 0.005451
0 0.394743 0.557049 0.005572 0.005451
0 0.44077 0.551599 0.005572 0.005451
0 0.426357 0.541243 0.005572 0.005451
0 0.458576 0.525618 0.005572 0.005451
0 0.384084 0.604833 0.003391 0.008721
0 0.398256 0.572493 0.003391 0.008721
0 0.376575 0.57431 0.003391 0.008721
0 0.363009 0.572856 0.003391 0.008721
0 0.355741 0.572674 0.003391 0.008721
0 0.348716 0.540698 0.003391 0.008721
0 0.348837 0.518714 0.003391 0.008721
0 0.355862 0.476744 0.003391 0.008721
0 0.334787 0.467297 0.003391 0.008721
0 0.391473 0.487464 0.003391 0.008721
0 0.40516 0.498728 0.003391 0.008721
0 0.41267 0.476744 0.003391 0.008721
0 0.441255 0.476017 0.003391 0.008721
0 0.405644 0.528706 0.003391 0.008721
0 0.762173 0.729106 0.00327 0.008358
0 0.76726 0.725472 0.00327 0.007631
0 0.773438 0.721657 0.00327 0.007631
0 0.750606 0.725291 0.003391 0.008358
0 0.731468 0.72302 0.005814 0.004906
0 0.718266 0.688408 0.005572 0.005451
0 0.731105 0.667515 0.005572 0.005451
0 0.763929 0.64226 0.003391 0.008721
0 0.769016 0.654251 0.003391 0.008358
0 0.788033 0.649164 0.005814 0.005451
0 0.787427 0.663881 0.003391 0.009084
0 0.788396 0.680959 0.005572 0.005087
0 0.72844 0.633903 0.005814 0.005087
0 0.633115 0.51944 0.005814 0.005451
0 0.645954 0.53016 0.003634 0.009084
0 0.624758 0.534339 0.003634 0.008358
0 0.618823 0.534339 0.003391 0.008358
0 0.603319 0.538517 0.003634 0.008358
0 0.602108 0.525618 0.005329 0.005087
0 0.59048 0.52798 0.005814 0.005087
0 0.567587 0.516897 0.003634 0.007994
0 0.553416 0.519259 0.005329 0.005087
0 0.636022 0.585029 0.003391 0.007994
0 0.638808 0.609102 0.005572 0.004906
0 0.627301 0.608739 0.005329 0.004906
0 0.624516 0.594658 0.003634 0.008721
0 0.610344 0.608557 0.005572 0.004906
0 0.593144 0.599927 0.005572 0.005087
0 0.582001 0.600291 0.005814 0.005087
0 0.56468 0.608648 0.006056 0.005814
0 0.555838 0.612827 0.003391 0.008358
2 0.210998 0.785883 0.015746 0.015443
2 0.257025 0.224473 0.015988 0.01399
2 0.257025 0.246457 0.015019 0.014717
2 0.211361 0.804778 0.015988 0.015443
