0 0.791875 0.060833 0.04875 0.036667
0 0.791875 0.116667 0.04875 0.036667
0 0.79 0.175833 0.04875 0.036667
0 0.791875 0.235 0.04875 0.036667
0 0.791875 0.293333 0.04875 0.036667
0 0.7925 0.3525 0.04875 0.036667
0 0.789375 0.410833 0.04875 0.036667
0 0.790625 0.469167 0.04875 0.036667
0 0.790625 0.528333 0.04875 0.036667
0 0.791875 0.585 0.04875 0.036667
1 0.86875 0.056667 0.0475 0.043333
1 0.866875 0.115 0.0475 0.043333
1 0.868125 0.174167 0.0475 0.043333
1 0.868125 0.2325 0.0475 0.043333
1 0.868125 0.293333 0.0475 0.043333
1 0.87125 0.3475 0.0475 0.043333
1 0.87 0.408333 0.0475 0.043333
1 0.868125 0.4675 0.0475 0.043333
1 0.866875 0.525833 0.0475 0.043333
1 0.866875 0.585 0.0475 0.043333
1 0.622812 0.02875 0.048125 0.0375
1 0.623437 0.08375 0.049375 0.039167
0 0.88125 0.212917 0.075 0.054167
