0 0.12875 0.117917 0.09375 0.0825
0 0.305937 0.097917 0.044375 0.035833
0 0.5375 0.09 0.045 0.038333
1 0.270937 0.17875 0.030625 0.064167
1 0.273438 0.48125 0.031875 0.065833
1 0.638125 0.45125 0.05 0.040833
1 0.197813 0.590417 0.048125 0.0425
1 0.203125 0.69375 0.04875 0.0375
3 0.287813 0.632917 0.048125 0.100833
1 0.405625 0.686667 0.05 0.045
1 0.546562 0.561667 0.048125 0.043333
1 0.538125 0.6825 0.05 0.046667
0 0.6875 0.604583 0.02875 0.060833
0 0.898438 0.841667 0.048125 0.036667
4 0.444688 0.324167 0.198125 0.376667
