0 0.890625 0.77 0.09125 0.083333
0 0.803125 0.932917 0.04875 0.040833
1 0.878437 0.93125 0.050625 0.0475
1 0.024063 0.282083 0.029375 0.0625
0 0.065 0.282083 0.02875 0.064167
1 0.105938 0.282917 0.029375 0.065833
0 0.34875 0.168333 0.04875 0.038333
0 0.58125 0.163333 0.045 0.036667
1 0.617188 0.082917 0.033125 0.065833
1 0.966875 0.031667 0.0325 0.058333
1 0.126562 0.862083 0.049375 0.044167
1 0.634375 0.965833 0.05 0.043333
1 0.633125 0.566667 0.05 0.043333
1 0.633125 0.625833 0.05 0.043333
1 0.633125 0.683333 0.05 0.043333
1 0.634375 0.7425 0.05 0.043333
1 0.634375 0.796667 0.05 0.043333
1 0.63375 0.856667 0.05 0.043333
0 0.884687 0.394583 0.081875 0.050833
0 0.889375 0.85 0.07875 0.056667
1 0.634375 0.911667 0.05 0.043333
