1 0.404062 0.422917 0.066875 0.050833
1 0.405313 0.497917 0.066875 0.050833
1 0.405313 0.57625 0.066875 0.050833
1 0.405313 0.647917 0.066875 0.050833
1 0.404062 0.72625 0.066875 0.050833
1 0.405938 0.802917 0.066875 0.050833
1 0.409062 0.88125 0.066875 0.050833
1 0.409062 0.955417 0.066875 0.050833
0 0.510938 0.42125 0.061875 0.045833
0 0.510938 0.49625 0.061875 0.045833
0 0.512188 0.572917 0.061875 0.045833
0 0.512188 0.64875 0.061875 0.045833
0 0.513437 0.727083 0.061875 0.045833
0 0.514062 0.801667 0.061875 0.05
0 0.514062 0.877917 0.061875 0.045833
0 0.515938 0.952917 0.061875 0.045833
