0 0.115625 0.093333 0.04125 0.081667
0 0.176875 0.092083 0.0425 0.084167
0 0.114687 0.34375 0.030625 0.024167
4 0.17625 0.558333 0.1525 0.206667
4 0.040313 0.766667 0.044375 0.116667
0 0.0225 0.855833 0.03125 0.026667
0 0.553125 0.225417 0.03125 0.025833
0 0.5525 0.262917 0.03625 0.030833
0 0.553438 0.3025 0.035625 0.031667
0 0.605938 0.2225 0.030625 0.025
0 0.607187 0.260417 0.035625 0.030833
0 0.607187 0.29875 0.035625 0.030833
0 0.554688 0.472083 0.030625 0.024167
0 0.554063 0.509583 0.036875 0.030833
0 0.618437 0.4675 0.029375 0.025
0 0.619375 0.507083 0.035 0.029167
0 0.508437 0.86 0.031875 0.025
0 0.684688 0.862917 0.018125 0.045833
1 0.161562 0.30625 0.019375 0.0425
1 0.01375 0.596667 0.0175 0.045
1 0.130312 0.8 0.020625 0.045
1 0.199375 0.799583 0.02375 0.0475
1 0.469687 0.347917 0.033125 0.0275
1 0.511875 0.33 0.01875 0.045
1 0.478125 0.56625 0.03125 0.0275
1 0.477812 0.609167 0.033125 0.03
1 0.5175 0.548333 0.01875 0.05
1 0.516875 0.6425 0.02 0.045
1 0.55375 0.6175 0.02 0.045
1 0.5875 0.615833 0.02 0.045
1 0.615625 0.615 0.02 0.045
1 0.64375 0.615 0.02 0.045
1 0.67 0.615 0.02 0.045
1 0.455937 0.85875 0.034375 0.029167
1 0.830625 0.8625 0.02 0.046667
1 0.032188 0.062083 0.033125 0.0275
0 0.059062 0.16 0.020625 0.045
4 0.2475 0.133333 0.2825 0.263333
0 0.185938 0.3125 0.031875 0.025
0 0.279062 0.314583 0.031875 0.024167
0 0.429063 0.25 0.019375 0.041667
0 0.4325 0.178333 0.01875 0.041667
0 0.431875 0.09375 0.01875 0.044167
1 0.467813 0.047083 0.031875 0.030833
1 0.4675 0.013333 0.0325 0.026667
0 0.60375 0.284583 0.0325 0.0275
3 0.354687 0.735 0.053125 0.041667
3 0.354687 0.423333 0.053125 0.041667
3 0.355312 0.525833 0.053125 0.041667
3 0.355312 0.628333 0.053125 0.041667
0 0.463125 0.624167 0.05375 0.125
1 0.5225 0.62375 0.04625 0.120833
3 0.580625 0.565 0.0275 0.07
1 0.579375 0.665 0.02 0.043333
4 0.433437 0.883333 0.084375 0.073333
4 0.568438 0.129583 0.134375 0.145833
