0 0.947187 0.132917 0.018125 0.039167
0 0.955625 0.460833 0.03125 0.025
0 0.940625 0.283333 0.03125 0.025
0 0.925 0.374167 0.03125 0.025
0 0.94125 0.415 0.03125 0.025
0 0.613437 0.3525 0.071875 0.055
1 0.748437 0.347083 0.046875 0.040833
1 0.750313 0.537083 0.046875 0.040833
1 0.752812 0.657917 0.046875 0.040833
1 0.752812 0.722917 0.046875 0.040833
1 0.752188 0.78375 0.046875 0.040833
1 0.753437 0.842083 0.046875 0.040833
1 0.829063 0.412917 0.046875 0.040833
1 0.829063 0.474583 0.046875 0.040833
1 0.925937 0.710833 0.031875 0.066667
1 0.964375 0.70625 0.02875 0.070833
1 0.865313 0.870417 0.026875 0.0625
1 0.948438 0.8725 0.026875 0.063333
