0 0.365625 0.5825 0.04625 0.035
1 0.384062 0.66375 0.028125 0.0675
1 0.346562 0.665 0.028125 0.065
1 0.323437 0.749583 0.051875 0.040833
0 0.388125 0.172083 0.0275 0.060833
1 0.447188 0.195 0.046875 0.038333
1 0.448437 0.294167 0.048125 0.038333
1 0.448437 0.365833 0.049375 0.038333
1 0.453125 0.419583 0.04875 0.039167
0 0.397188 0.49625 0.028125 0.0625
0 0.40125 0.629583 0.02625 0.059167
0 0.39875 0.745833 0.02875 0.065
0 0.160625 0.859583 0.045 0.034167
0 0.677813 0.78875 0.044375 0.039167
4 0.612812 0.549167 0.229375 0.213333
