0 0.244062 0.10625 0.060625 0.055833
0 0.318125 0.044167 0.03125 0.026667
0 0.679063 0.14125 0.060625 0.0525
1 0.68375 0.034167 0.03375 0.031667
0 0.734688 0.03375 0.030625 0.0275
0 0.57 0.06875 0.015 0.0275
0 0.416563 0.247083 0.020625 0.019167
0 0.37625 0.025417 0.015 0.0275
0 0.354375 0.11625 0.015 0.0275
0 0.35375 0.202917 0.015 0.0275
0 0.35375 0.262917 0.015 0.0275
0 0.586875 0.230417 0.015 0.0275
0 0.536563 0.077917 0.020625 0.019167
0 0.548438 0.157917 0.020625 0.019167
0 0.549063 0.187917 0.020625 0.019167
0 0.559688 0.297917 0.020625 0.019167
0 0.391562 0.189583 0.020625 0.019167
0 0.207187 0.74375 0.015625 0.029167
0 0.064062 0.74625 0.015625 0.029167
0 0.152188 0.677083 0.015625 0.029167
0 0.068125 0.963333 0.025 0.02
0 0.05875 0.845 0.025 0.02
0 0.049375 0.905 0.025 0.02
0 0.058125 0.931667 0.025 0.02
0 0.29375 0.729583 0.015 0.0325
1 0.343125 0.7825 0.01875 0.045
1 0.397813 0.76625 0.019375 0.0475
1 0.385 0.850833 0.035 0.031667
0 0.33625 0.894583 0.03125 0.029167
1 0.336875 0.947083 0.035 0.0325
0 0.274062 0.914167 0.020625 0.018333
0 0.241875 0.93875 0.0225 0.019167
1 0.084062 0.214167 0.075625 0.123333
0 0.095 0.553333 0.045 0.031667
1 0.117188 0.655833 0.048125 0.12
1 0.256563 0.671667 0.020625 0.043333
0 0.5975 0.026667 0.0175 0.038333
0 0.487187 0.692083 0.050625 0.0375
0 0.487187 0.64875 0.050625 0.0375
0 0.561562 0.64875 0.050625 0.0375
0 0.562813 0.69625 0.050625 0.0375
0 0.453437 0.838333 0.018125 0.041667
4 0.522188 0.802083 0.094375 0.119167
1 0.591875 0.764583 0.01875 0.045833
1 0.63125 0.749583 0.03375 0.030833
0 0.632812 0.790417 0.033125 0.0325
1 0.545625 0.90375 0.03375 0.025833
4 0.825313 0.911667 0.060625 0.101667
0 0.534375 0.947083 0.05 0.040833
4 0.761875 0.208333 0.25375 0.415
0 0.819375 0.76875 0.01875 0.044167
0 0.844375 0.76875 0.01875 0.039167
1 0.865625 0.70375 0.02 0.044167
1 0.890938 0.70375 0.018125 0.044167
1 0.92875 0.764167 0.0325 0.03
1 0.969688 0.737083 0.020625 0.0475
1 0.991563 0.7375 0.015625 0.041667
1 0.95875 0.14375 0.03375 0.025833
1 0.959375 0.109583 0.03375 0.025833
1 0.957187 0.040833 0.033125 0.023333
1 0.959688 0.074583 0.030625 0.024167
0 0.925625 0.806667 0.045 0.033333
1 0.91375 0.954583 0.0325 0.025833
