0 0.058438 0.099167 0.021875 0.018333
0 0.039062 0.041667 0.021875 0.018333
0 0.047813 0.0675 0.021875 0.018333
0 0.245938 0.1725 0.014375 0.026667
0 0.264062 0.046667 0.020625 0.02
0 0.232187 0.071667 0.020625 0.02
0 0.208437 0.17 0.020625 0.02
0 0.162812 0.175 0.014375 0.026667
0 0.324688 0.02625 0.029375 0.024167
1 0.326875 0.080417 0.0325 0.025833
1 0.03625 0.261667 0.02 0.046667
1 0.06125 0.260417 0.01875 0.0475
1 0.050937 0.366667 0.018125 0.046667
1 0.04 0.351667 0.035 0.025
1 0.039375 0.270833 0.035 0.025
1 0.039375 0.313333 0.035 0.025
0 0.091563 0.27 0.033125 0.023333
0 0.057188 0.48875 0.058125 0.0525
0 0.057188 0.422083 0.058125 0.0525
1 0.224688 0.465 0.028125 0.061667
0 0.119688 0.58125 0.019375 0.039167
0 0.1675 0.5475 0.02625 0.061667
1 0.23375 0.55875 0.02 0.044167
1 0.260313 0.560417 0.019375 0.044167
0 0.2875 0.572917 0.01875 0.0425
2 0.353125 0.602083 0.0875 0.119167
1 0.040313 0.585417 0.031875 0.059167
1 0.040625 0.679167 0.02375 0.043333
1 0.169375 0.64125 0.02625 0.0625
4 0.240937 0.642083 0.063125 0.080833
0 0.099375 0.717083 0.04625 0.115833
3 0.0475 0.785833 0.02875 0.065
0 0.202813 0.779167 0.085625 0.06
0 0.122813 0.848333 0.026875 0.021667
1 0.186562 0.8475 0.045625 0.036667
0 0.2575 0.852083 0.04375 0.0375
1 0.216562 0.90125 0.031875 0.024167
4 0.191562 0.963333 0.061875 0.068333
1 0.374063 0.7425 0.031875 0.026667
1 0.375937 0.808333 0.033125 0.026667
5 0.460313 0.77375 0.046875 0.114167
1 0.5625 0.732083 0.02125 0.045833
1 0.50875 0.856667 0.03625 0.028333
1 0.4925 0.9075 0.04625 0.043333
0 0.540625 0.969167 0.09 0.058333
5 0.627812 0.784167 0.054375 0.125
1 0.710625 0.749167 0.0375 0.036667
1 0.709688 0.81875 0.034375 0.030833
1 0.735 0.8925 0.04875 0.043333
0 0.779062 0.96375 0.091875 0.069167
1 0.535 0.0725 0.03625 0.028333
0 0.524687 0.114583 0.050625 0.040833
0 0.714375 0.177917 0.0575 0.050833
1 0.903125 0.12625 0.0325 0.025833
0 0.858125 0.174583 0.0575 0.0525
0 0.797188 0.327917 0.039375 0.079167
0 0.850625 0.360417 0.0375 0.079167
0 0.925625 0.334583 0.0375 0.075833
0 0.286562 0.421667 0.049375 0.12
