0 0.370625 0.779583 0.025 0.0575
0 0.3825 0.93125 0.04125 0.035833
0 0.18 0.273333 0.03875 0.081667
0 0.056875 0.275 0.03875 0.081667
0 0.11875 0.275 0.03875 0.081667
1 0.183125 0.417083 0.04 0.089167
1 0.058125 0.424583 0.04 0.089167
1 0.12 0.422917 0.04 0.089167
1 0.569063 0.510417 0.063125 0.050833
1 0.569688 0.59125 0.063125 0.0525
1 0.571562 0.667917 0.063125 0.0525
1 0.567813 0.752917 0.063125 0.0525
1 0.568438 0.829583 0.063125 0.0525
1 0.573438 0.910417 0.063125 0.0525
0 0.674687 0.509167 0.060625 0.046667
0 0.675937 0.585 0.060625 0.048333
0 0.676562 0.6675 0.060625 0.048333
0 0.677188 0.745833 0.060625 0.048333
0 0.678438 0.826667 0.060625 0.048333
0 0.679063 0.905833 0.060625 0.048333
0 0.519062 0.772917 0.035625 0.095833
