0 0.6675 0.510833 0.0625 0.056667
0 0.6675 0.703333 0.06375 0.056667
0 0.894687 0.956667 0.043125 0.083333
1 0.83125 0.07625 0.0325 0.0275
0 0.922813 0.535833 0.021875 0.016667
0 0.974063 0.277917 0.011875 0.025833
0 0.829063 0.019167 0.021875 0.016667
0 0.907813 0.023333 0.021875 0.016667
0 0.775312 0.094167 0.021875 0.016667
0 0.779062 0.130833 0.021875 0.016667
0 0.889062 0.13 0.021875 0.016667
0 0.779687 0.205 0.021875 0.016667
0 0.831562 0.239167 0.021875 0.016667
0 0.892813 0.240833 0.021875 0.016667
0 0.779687 0.279167 0.021875 0.016667
0 0.917188 0.2775 0.021875 0.016667
0 0.889687 0.20625 0.011875 0.025833
0 0.918438 0.24125 0.011875 0.025833
0 0.890938 0.277917 0.011875 0.025833
0 0.934063 0.840833 0.014375 0.028333
0 0.945312 0.2775 0.021875 0.016667
0 0.972812 0.315 0.021875 0.016667
0 0.945312 0.3525 0.021875 0.016667
0 0.832187 0.354167 0.021875 0.016667
0 0.779687 0.353333 0.021875 0.016667
0 0.780937 0.4275 0.021875 0.016667
0 0.835938 0.426667 0.021875 0.016667
0 0.919063 0.391667 0.021875 0.016667
0 0.918438 0.424167 0.021875 0.016667
0 0.946562 0.4625 0.021875 0.016667
0 0.974063 0.461667 0.021875 0.016667
0 0.834688 0.756667 0.021875 0.016667
0 0.807187 0.499167 0.021875 0.016667
0 0.945937 0.31875 0.011875 0.025833
0 0.878437 0.404583 0.013125 0.025833
0 0.918438 0.462917 0.013125 0.025833
0 0.974688 0.49875 0.013125 0.025833
0 0.975313 0.53625 0.013125 0.025833
0 0.892188 0.500417 0.013125 0.025833
0 0.891563 0.537083 0.013125 0.025833
0 0.834688 0.498333 0.021875 0.016667
0 0.839688 0.613333 0.021875 0.016667
0 0.840938 0.685 0.021875 0.016667
0 0.805312 0.649167 0.021875 0.018333
0 0.782813 0.723333 0.021875 0.016667
0 0.894062 0.580833 0.014375 0.028333
0 0.961562 0.730833 0.014375 0.028333
0 0.850938 0.785833 0.014375 0.028333
0 0.665625 0.118333 0.06875 0.063333
1 0.583438 0.05625 0.031875 0.024167
0 0.900937 0.192083 0.019375 0.040833
0 0.619687 0.07375 0.019375 0.040833
4 0.702812 0.21125 0.090625 0.094167
0 0.624687 0.210417 0.019375 0.040833
0 0.777188 0.21375 0.019375 0.040833
0 0.847812 0.192083 0.019375 0.040833
1 0.926562 0.193333 0.018125 0.043333
1 0.800312 0.213333 0.018125 0.043333
1 0.875313 0.1925 0.018125 0.043333
1 0.640938 0.39625 0.031875 0.029167
0 0.641875 0.435417 0.02875 0.025833
0 0.862812 0.405833 0.029375 0.026667
1 0.641875 0.637083 0.03375 0.029167
3 0.6975 0.66375 0.03125 0.0675
3 0.77875 0.845 0.07875 0.105
1 0.935625 0.555 0.0325 0.03
