1 0.714063 0.77625 0.066875 0.060833
1 0.728437 0.435833 0.039375 0.091667
1 0.842187 0.400833 0.039375 0.091667
1 0.812813 0.572917 0.066875 0.060833
0 0.149062 0.361667 0.025625 0.056667
0 0.157812 0.809167 0.043125 0.035
0 0.331562 0.215833 0.025625 0.056667
0 0.139063 0.566667 0.043125 0.035
0 0.116562 0.690833 0.043125 0.035
0 0.136563 0.744167 0.043125 0.035
0 0.447188 0.351667 0.025625 0.056667
0 0.624375 0.324583 0.02875 0.059167
0 0.51875 0.755417 0.04125 0.034167
0 0.58375 0.7025 0.04 0.035
0 0.713437 0.6625 0.060625 0.056667
0 0.378437 0.966667 0.024375 0.055
0 0.47125 0.95375 0.04 0.034167
0 0.548125 0.958333 0.02625 0.055
1 0.125938 0.056667 0.039375 0.086667
1 0.153438 0.250417 0.065625 0.0525
1 0.154375 0.331667 0.06375 0.056667
5 0.333125 0.302917 0.18125 0.1375
0 0.109687 0.524167 0.061875 0.05
1 0.261875 0.83625 0.0625 0.0525
1 0.265 0.93 0.065 0.056667
0 0.374063 0.835 0.060625 0.05
