1 0.774062 0.71875 0.049375 0.045833
0 0.778125 0.473333 0.03125 0.025
0 0.015312 0.087083 0.028125 0.0225
0 0.138125 0.141667 0.03125 0.025
0 0.349375 0.028333 0.03125 0.025
0 0.63875 0.024167 0.03125 0.025
0 0.4775 0.136667 0.03125 0.025
0 0.560625 0.135833 0.03125 0.025
0 0.60125 0.135833 0.03125 0.025
0 0.77125 0.081667 0.03125 0.025
0 0.814375 0.081667 0.03125 0.025
0 0.8525 0.188333 0.03125 0.025
0 0.8525 0.188333 0.03125 0.025
0 0.769375 0.189167 0.03125 0.025
0 0.476875 0.195 0.03125 0.025
0 0.356875 0.1975 0.03125 0.025
0 0.35125 0.303333 0.03125 0.025
0 0.47625 0.3025 0.03125 0.025
0 0.603125 0.3025 0.03125 0.025
0 0.775 0.3 0.03125 0.025
0 0.853125 0.300833 0.03125 0.025
0 0.85375 0.413333 0.03125 0.025
0 0.56125 0.359167 0.03125 0.025
0 0.5125 0.4175 0.03125 0.025
0 0.603125 0.415833 0.03125 0.025
0 0.64375 0.415833 0.03125 0.025
0 0.853125 0.525833 0.03125 0.025
0 0.684375 0.470833 0.03125 0.025
0 0.689375 0.64 0.03125 0.025
0 0.52 0.584167 0.03125 0.025
0 0.35125 0.3625 0.03125 0.025
0 0.22625 0.420833 0.03125 0.025
0 0.1425 0.421667 0.03125 0.025
0 0.85625 0.638333 0.03125 0.025
0 0.859375 0.694167 0.03125 0.025
0 0.776875 0.8075 0.03125 0.025
0 0.65625 0.8 0.03125 0.025
0 0.687187 0.415417 0.019375 0.040833
0 0.286562 0.057917 0.019375 0.040833
0 0.390937 0.027083 0.019375 0.040833
0 0.431563 0.08125 0.019375 0.040833
0 0.394062 0.13875 0.019375 0.040833
0 0.558438 0.082917 0.019375 0.040833
0 0.557813 0.027083 0.019375 0.040833
0 0.684688 0.02625 0.019375 0.040833
0 0.601562 0.35375 0.019375 0.040833
0 0.643437 0.13625 0.019375 0.040833
0 0.684063 0.08125 0.019375 0.040833
0 0.64375 0.195 0.03125 0.025
0 0.644375 0.243333 0.03125 0.025
0 0.705313 0.22375 0.019375 0.040833
0 0.310937 0.25125 0.019375 0.040833
0 0.349062 0.417917 0.019375 0.040833
0 0.392813 0.36375 0.019375 0.040833
0 0.430312 0.362917 0.019375 0.040833
0 0.395937 0.475417 0.019375 0.040833
0 0.476562 0.422083 0.019375 0.040833
0 0.560312 0.415417 0.019375 0.040833
0 0.290312 0.88125 0.019375 0.040833
0 0.644687 0.47125 0.019375 0.040833
0 0.687813 0.525417 0.019375 0.040833
0 0.057813 0.532917 0.019375 0.040833
0 0.017188 0.702083 0.019375 0.040833
0 0.182188 0.59625 0.019375 0.040833
0 0.140937 0.757083 0.019375 0.040833
0 0.348438 0.712917 0.019375 0.040833
0 0.518437 0.69875 0.019375 0.040833
1 0.569375 0.142083 0.0525 0.044167
1 0.568125 0.030417 0.0525 0.044167
1 0.569375 0.087083 0.0525 0.044167
0 0.6475 0.139167 0.0475 0.041667
0 0.646875 0.025833 0.0475 0.041667
0 0.645625 0.080833 0.0475 0.041667
