0 0.518437 0.8675 0.085625 0.178333
0 0.429063 0.519583 0.023125 0.050833
0 0.39375 0.457917 0.03875 0.034167
0 0.401875 0.16125 0.03875 0.034167
0 0.3325 0.239583 0.03875 0.034167
0 0.408125 0.312917 0.03875 0.034167
0 0.286875 0.39125 0.03875 0.034167
0 0.515938 0.09625 0.023125 0.050833
0 0.739688 0.16375 0.023125 0.050833
0 0.944063 0.26375 0.023125 0.050833
0 0.657813 0.402083 0.023125 0.050833
0 0.833438 0.47625 0.023125 0.050833
0 0.602812 0.63125 0.023125 0.050833
1 0.065312 0.634583 0.035625 0.0875
