1 0.7825 0.11125 0.03125 0.024167
0 0.624687 0.163333 0.061875 0.055
0 0.627188 0.5075 0.061875 0.055
0 0.627812 0.725833 0.061875 0.055
1 0.558125 0.579583 0.02 0.045833
1 0.597812 0.626667 0.034375 0.03
0 0.328125 0.698333 0.01375 0.03
0 0.370625 0.865417 0.01375 0.029167
0 0.516875 0.217083 0.02 0.0175
0 0.189688 0.33 0.013125 0.026667
0 0.0425 0.042083 0.02 0.0175
0 0.020625 0.147917 0.02 0.0175
0 0.078125 0.48125 0.02 0.0175
0 0.132812 0.11 0.013125 0.026667
0 0.245312 0.1 0.013125 0.026667
0 0.381563 0.068333 0.013125 0.026667
0 0.463438 0.106667 0.013125 0.026667
0 0.354687 0.175833 0.013125 0.026667
0 0.436563 0.218333 0.013125 0.026667
0 0.214062 0.255833 0.013125 0.026667
0 0.022187 0.225833 0.013125 0.026667
0 0.050313 0.26 0.013125 0.026667
0 0.023438 0.2975 0.013125 0.026667
0 0.105313 0.295833 0.013125 0.026667
0 0.160312 0.293333 0.013125 0.026667
0 0.243438 0.294167 0.013125 0.026667
0 0.077813 0.3375 0.013125 0.026667
0 0.285938 0.534167 0.013125 0.026667
0 0.215312 0.330833 0.013125 0.026667
0 0.13125 0.185417 0.02 0.0175
0 0.02375 0.259583 0.02 0.0175
0 0.050625 0.297083 0.02 0.0175
0 0.0775 0.29625 0.02 0.0175
0 0.13625 0.29375 0.02 0.0175
0 0.16 0.37125 0.02 0.0175
0 0.104375 0.33375 0.02 0.0175
0 0.2425 0.33125 0.02 0.0175
0 0.243125 0.370417 0.02 0.0175
0 0.325625 0.292917 0.02 0.0175
0 0.381875 0.292917 0.02 0.0175
0 0.493125 0.327917 0.02 0.0175
0 0.078125 0.37125 0.02 0.0175
0 0.05 0.41125 0.02 0.0175
0 0.050625 0.442917 0.02 0.0175
0 0.16125 0.44125 0.02 0.0175
0 0.239375 0.439583 0.02 0.0175
0 0.384375 0.475417 0.02 0.0175
0 0.055 0.554583 0.02 0.0175
0 0.16 0.480417 0.02 0.0175
0 0.10625 0.480417 0.02 0.0175
0 0.269688 0.405 0.013125 0.026667
0 0.009687 0.424167 0.013125 0.026667
0 0.023438 0.518333 0.013125 0.026667
0 0.067812 0.86 0.013125 0.026667
0 0.050937 0.481667 0.013125 0.026667
0 0.190312 0.519167 0.013125 0.026667
0 0.214688 0.48 0.013125 0.026667
0 0.46625 0.512917 0.02 0.0175
0 0.4975 0.772083 0.02 0.0175
0 0.4375 0.58625 0.02 0.0175
0 0.359375 0.58875 0.02 0.0175
0 0.244375 0.552917 0.02 0.0175
0 0.106563 0.5175 0.013125 0.026667
0 0.106563 0.553333 0.013125 0.026667
0 0.217188 0.5525 0.013125 0.026667
0 0.024688 0.554167 0.013125 0.026667
0 0.025937 0.5975 0.013125 0.026667
0 0.134063 0.633333 0.013125 0.026667
0 0.232187 0.681667 0.013125 0.026667
0 0.441563 0.696667 0.013125 0.026667
0 0.093438 0.7475 0.013125 0.026667
0 0.179063 0.785 0.013125 0.026667
0 0.494375 0.624583 0.02 0.0175
0 0.30125 0.774583 0.01375 0.029167
0 0.020938 0.210833 0.019375 0.041667
1 0.046562 0.21125 0.021875 0.0425
0 0.071563 0.210417 0.020625 0.044167
1 0.097812 0.209583 0.020625 0.044167
0 0.249688 0.139583 0.031875 0.030833
0 0.39625 0.1375 0.0325 0.023333
1 0.419063 0.087083 0.020625 0.0425
1 0.638437 0.055833 0.019375 0.041667
0 0.034688 0.425 0.033125 0.023333
1 0.105938 0.574167 0.033125 0.026667
1 0.42625 0.645 0.03125 0.026667
1 0.42625 0.3925 0.03125 0.026667
1 0.425625 0.431667 0.03125 0.026667
1 0.425625 0.4675 0.03125 0.026667
1 0.425625 0.5025 0.03125 0.026667
1 0.426875 0.538333 0.03125 0.026667
1 0.42625 0.573333 0.03125 0.026667
1 0.42625 0.608333 0.03125 0.026667
0 0.8175 0.210833 0.02625 0.07
0 0.583438 0.282083 0.048125 0.035833
0 0.587187 0.56875 0.050625 0.034167
0 0.586562 0.730417 0.049375 0.0325
0 0.731563 0.841667 0.024375 0.065
0 0.911875 0.84 0.02625 0.061667
4 0.821875 0.523333 0.345 0.453333
