0 0.49375 0.09125 0.06625 0.060833
0 0.494063 0.309583 0.065625 0.060833
0 0.7925 0.125417 0.0125 0.030833
0 0.495312 0.655 0.065625 0.06
0 0.080625 0.891667 0.03125 0.025
0 0.079062 0.928333 0.035625 0.03
1 0.3375 0.707917 0.03375 0.029167
4 0.40375 0.855833 0.1275 0.245
0 0.69375 0.948333 0.04375 0.085
0 0.760312 0.94875 0.041875 0.084167
1 0.523438 0.191667 0.033125 0.026667
1 0.560937 0.240833 0.020625 0.048333
0 0.9875 0.636667 0.01875 0.015
0 0.95875 0.52875 0.01125 0.025833
0 0.62375 0.048333 0.01875 0.015
0 0.625625 0.195833 0.01875 0.015
0 0.6825 0.234167 0.01875 0.015
0 0.819375 0.04875 0.01375 0.030833
0 0.68 0.12375 0.01125 0.025833
0 0.940625 0.039583 0.01125 0.025833
0 0.888125 0.140417 0.01125 0.025833
0 0.761875 0.231667 0.01875 0.015
0 0.65375 0.3075 0.01875 0.015
0 0.73625 0.345 0.01875 0.015
0 0.875625 0.269167 0.01875 0.015
0 0.959375 0.341667 0.01875 0.015
0 0.95875 0.38 0.01875 0.015
0 0.985 0.190417 0.01125 0.025833
0 0.83375 0.287083 0.01125 0.025833
0 0.903125 0.26875 0.01125 0.025833
0 0.929375 0.30375 0.01125 0.025833
0 0.905 0.34125 0.01125 0.025833
0 0.850625 0.41625 0.01125 0.025833
0 0.90375 0.489583 0.01125 0.025833
0 0.92875 0.49125 0.01125 0.025833
0 0.83625 0.832917 0.01125 0.025833
0 0.88 0.380833 0.01875 0.015
0 0.876875 0.451667 0.01875 0.015
0 0.876875 0.49 0.01875 0.015
0 0.95875 0.450833 0.01875 0.015
0 0.9825 0.5275 0.01875 0.015
0 0.626875 0.4925 0.01875 0.015
0 0.738125 0.5275 0.01875 0.015
0 0.794375 0.528333 0.01875 0.015
0 0.603125 0.603333 0.01875 0.015
0 0.87625 0.527083 0.01125 0.025833
0 0.905 0.564583 0.01125 0.025833
0 0.68375 0.602917 0.01125 0.025833
0 0.765 0.645417 0.01125 0.025833
0 0.656875 0.71375 0.01125 0.025833
0 0.874375 0.720417 0.01125 0.025833
0 0.985625 0.712083 0.01125 0.025833
0 0.738125 0.752083 0.01125 0.025833
4 0.24375 0.2425 0.3425 0.458333
0 0.484063 0.041667 0.048125 0.031667
0 0.48 0.2025 0.04875 0.036667
0 0.48125 0.49 0.05 0.035
0 0.244688 0.555 0.025625 0.066667
0 0.058438 0.534583 0.019375 0.019167
0 0.058125 0.558333 0.0225 0.016667
1 0.640625 0.134167 0.03125 0.025
1 0.64 0.170833 0.03125 0.025
1 0.640625 0.205 0.03125 0.025
1 0.64 0.241667 0.03125 0.025
1 0.639375 0.276667 0.03125 0.025
1 0.64 0.311667 0.03125 0.025
1 0.640625 0.3475 0.03125 0.025
1 0.63875 0.385833 0.03125 0.025
1 0.959375 0.2125 0.03125 0.025
1 0.964063 0.574167 0.018125 0.043333
0 0.989688 0.574167 0.016875 0.041667
1 0.4225 0.718333 0.02 0.048333
0 0.3725 0.933333 0.01875 0.043333
1 0.640938 0.882083 0.019375 0.045833
1 0.591562 0.948333 0.035625 0.026667
3 0.647188 0.972083 0.029375 0.054167
1 0.641875 0.692083 0.02 0.0425
0 0.66625 0.64 0.02875 0.025
0 0.811562 0.641667 0.029375 0.023333
1 0.808125 0.93625 0.03125 0.025833
1 0.86875 0.870417 0.0325 0.0275
0 0.89875 0.967083 0.01875 0.0425
