2 0.811562 0.245417 0.054375 0.114167
2 0.725938 0.247083 0.054375 0.114167
0 0.657813 0.064167 0.045625 0.036667
0 0.659687 0.1175 0.051875 0.043333
0 0.886563 0.06 0.045625 0.036667
0 0.885938 0.115 0.054375 0.043333
0 0.966875 0.2075 0.025 0.065
1 0.499063 0.876667 0.049375 0.043333
1 0.44375 0.07375 0.0525 0.0475
1 0.443125 0.1325 0.0525 0.043333
3 0.359375 0.274583 0.13375 0.109167
1 0.503125 0.224583 0.03125 0.0725
0 0.549375 0.237917 0.04125 0.095833
0 0.642813 0.279167 0.060625 0.125
0 0.712187 0.274583 0.061875 0.1225
1 0.779062 0.187083 0.035625 0.0725
1 0.800312 0.330417 0.055625 0.044167
1 0.802813 0.39125 0.050625 0.045833
1 0.406562 0.372083 0.050625 0.045833
1 0.559375 0.486667 0.0525 0.043333
0 0.772188 0.535417 0.049375 0.040833
0 0.268125 0.632917 0.1375 0.100833
0 0.266562 0.7675 0.144375 0.111667
0 0.484687 0.619583 0.049375 0.0475
1 0.884687 0.765417 0.054375 0.050833
1 0.888437 0.832917 0.049375 0.045833
1 0.889062 0.897917 0.050625 0.045833
0 0.969688 0.763333 0.050625 0.041667
5 0.9325 0.365 0.13375 0.106667
4 0.676875 0.734167 0.18125 0.29
