1 0.563125 0.095417 0.06875 0.0525
1 0.563125 0.174583 0.06875 0.0525
1 0.5675 0.25125 0.06875 0.0525
1 0.565625 0.332083 0.06875 0.0525
0 0.6675 0.087917 0.06375 0.049167
0 0.66875 0.167083 0.06375 0.049167
0 0.670625 0.24875 0.06375 0.049167
0 0.669375 0.327917 0.06375 0.049167
0 0.552188 0.553333 0.123125 0.111667
1 0.189375 0.109583 0.0425 0.085833
1 0.19 0.251667 0.04125 0.091667
0 0.367188 0.736667 0.023125 0.056667
0 0.372188 0.034167 0.039375 0.033333
0 0.316563 0.281667 0.023125 0.056667
0 0.259688 0.420833 0.039375 0.033333
0 0.284687 0.588333 0.039375 0.033333
0 0.329688 0.4025 0.023125 0.056667
0 0.310937 0.875 0.039375 0.033333
0 0.285313 0.648333 0.039375 0.033333
