0 0.617188 0.054167 0.065625 0.06
0 0.710938 0.87125 0.051875 0.039167
0 0.929688 0.727917 0.011875 0.029167
0 0.933438 0.944583 0.021875 0.019167
0 0.924063 0.827083 0.021875 0.019167
0 0.914687 0.88625 0.021875 0.019167
0 0.923438 0.912917 0.021875 0.019167
1 0.799063 0.86875 0.035625 0.029167
1 0.850938 0.910417 0.035625 0.029167
1 0.850938 0.95125 0.035625 0.029167
0 0.647188 0.045417 0.030625 0.0225
1 0.647188 0.082917 0.030625 0.0275
1 0.646875 0.1175 0.03125 0.026667
0 0.63875 0.281667 0.02625 0.06
0 0.68 0.305 0.025 0.058333
0 0.719063 0.305417 0.028125 0.064167
0 0.774062 0.239167 0.040625 0.083333
0 0.836875 0.244583 0.05 0.120833
1 0.913438 0.195417 0.071875 0.119167
0 0.553438 0.354167 0.090625 0.065
0 0.598125 0.427083 0.05875 0.0525
0 0.599063 0.478333 0.045625 0.036667
0 0.592812 0.52875 0.045625 0.0375
0 0.554375 0.58625 0.08875 0.069167
4 0.769687 0.529583 0.226875 0.300833
0 0.925937 0.53375 0.044375 0.035833
1 0.947187 0.6375 0.048125 0.125
1 0.605 0.642917 0.0325 0.025833
1 0.603437 0.67875 0.031875 0.030833
3 0.553438 0.769583 0.083125 0.064167
1 0.642188 0.739167 0.019375 0.043333
0 0.670937 0.75 0.025625 0.06
0 0.729688 0.774583 0.040625 0.075833
0 0.774062 0.7725 0.039375 0.075
1 0.815312 0.717917 0.019375 0.040833
1 0.828125 0.807083 0.03125 0.025833
1 0.828125 0.844167 0.0325 0.03
5 0.912813 0.832083 0.086875 0.0675
1 0.67625 0.902083 0.0325 0.024167
0 0.806875 0.934583 0.0325 0.0275
0 0.626563 0.985 0.029375 0.023333
1 0.579375 0.830833 0.03625 0.033333
