1 0.54875 0.449167 0.0525 0.043333
1 0.47625 0.59625 0.04875 0.044167
1 0.454062 0.725417 0.030625 0.0725
1 0.537813 0.699167 0.030625 0.071667
1 0.955 0.185 0.03125 0.07
1 0.972812 0.030833 0.028125 0.056667
0 0.550625 0.531667 0.04625 0.033333
0 0.61375 0.780417 0.02 0.0475
0 0.673125 0.315417 0.02 0.0475
0 0.799375 0.312917 0.02 0.0475
0 0.73125 0.318333 0.03125 0.026667
0 0.693125 0.465 0.03125 0.026667
0 0.645625 0.501667 0.03125 0.026667
0 0.963125 0.76 0.0225 0.048333
0 0.744375 0.761667 0.0225 0.048333
0 0.8275 0.8625 0.0225 0.048333
0 0.984375 0.519167 0.0275 0.026667
0 0.958125 0.43 0.03125 0.026667
0 0.970625 0.608333 0.03125 0.026667
0 0.974375 0.4775 0.03125 0.026667
1 0.094375 0.931667 0.02875 0.065
