0 0.885625 0.085833 0.0425 0.088333
0 0.914062 0.765833 0.060625 0.055
0 0.411562 0.343333 0.060625 0.055
0 0.412813 0.550833 0.060625 0.055
0 0.413438 0.735 0.060625 0.055
0 0.981875 0.697917 0.0325 0.0275
0 0.403125 0.40125 0.0325 0.0275
0 0.404375 0.497083 0.0325 0.0275
0 0.404375 0.682917 0.0325 0.0275
3 0.770625 0.033333 0.08375 0.063333
1 0.792188 0.162083 0.023125 0.044167
1 0.636875 0.7475 0.0325 0.03
0 0.635625 0.210833 0.0325 0.026667
1 0.749062 0.162917 0.023125 0.044167
1 0.63625 0.248333 0.0325 0.03
3 0.774687 0.443333 0.079375 0.118333
1 0.795937 0.58625 0.023125 0.044167
1 0.752812 0.58375 0.023125 0.044167
1 0.635625 0.284167 0.0325 0.03
1 0.63875 0.715 0.0325 0.03
0 0.636563 0.675 0.030625 0.023333
0 0.824688 0.879583 0.051875 0.124167
0 0.62875 0.914167 0.0275 0.065
0 0.670625 0.935 0.0275 0.065
0 0.71 0.939167 0.0275 0.065
0 0.762813 0.871667 0.041875 0.085
1 0.90375 0.82625 0.075 0.124167
