0 0.922188 0.079167 0.020625 0.02
0 0.903438 0.0225 0.020625 0.02
0 0.912813 0.049167 0.020625 0.02
1 0.841562 0.04375 0.034375 0.029167
1 0.840313 0.084583 0.034375 0.029167
1 0.787813 0.124583 0.034375 0.029167
1 0.789687 0.207083 0.034375 0.029167
1 0.789062 0.249583 0.034375 0.029167
1 0.789062 0.290417 0.034375 0.029167
1 0.789687 0.325417 0.034375 0.029167
1 0.9025 0.244583 0.0225 0.045833
1 0.92875 0.24125 0.0225 0.045833
1 0.863125 0.34875 0.0225 0.045833
1 0.9175 0.349583 0.0225 0.045833
1 0.665312 0.07125 0.031875 0.0275
1 0.8175 0.01625 0.0325 0.025833
0 0.481875 0.159167 0.08625 0.066667
0 0.480938 0.2475 0.090625 0.065
0 0.617812 0.154167 0.028125 0.023333
0 0.798438 0.106667 0.030625 0.025
4 0.740313 0.2275 0.114375 0.19
1 0.868125 0.25125 0.0325 0.025833
1 0.87 0.295417 0.0325 0.025833
1 0.87 0.334583 0.0325 0.030833
0 0.92125 0.252083 0.0275 0.0225
0 0.89375 0.405417 0.05625 0.0525
0 0.893125 0.469167 0.0575 0.05
1 0.869687 0.566667 0.031875 0.061667
1 0.872812 0.662083 0.023125 0.044167
0 0.935312 0.699583 0.045625 0.120833
0 0.951875 0.56375 0.01875 0.039167
3 0.879687 0.76875 0.029375 0.0675
0 0.9525 0.832083 0.02875 0.024167
2 0.66875 0.602083 0.34625 0.465833
0 0.444688 0.77125 0.050625 0.120833
