0 0.090313 0.2275 0.029375 0.061667
0 0.4025 0.235 0.04875 0.036667
0 0.595625 0.26125 0.04875 0.0375
0 0.942187 0.159583 0.066875 0.1325
1 0.944063 0.35625 0.049375 0.040833
1 0.85125 0.499583 0.04875 0.044167
1 0.6475 0.542917 0.0275 0.065833
1 0.469375 0.787083 0.03125 0.0675
1 0.617188 0.8725 0.033125 0.065
0 0.083125 0.780833 0.04875 0.041667
1 0.325937 0.100417 0.035625 0.069167
0 0.695312 0.055 0.075625 0.056667
0 0.815 0.053333 0.075 0.058333
0 0.696562 0.122083 0.080625 0.0525
0 0.814688 0.1275 0.078125 0.063333
0 0.641875 0.357917 0.0325 0.065833
1 0.864688 0.239167 0.033125 0.071667
1 0.925 0.21125 0.04875 0.045833
0 0.925937 0.277917 0.050625 0.045833
1 0.78875 0.460833 0.0525 0.043333
0 0.774687 0.530833 0.076875 0.071667
5 0.065625 0.39125 0.1275 0.129167
4 0.754062 0.29875 0.145625 0.195833
