0 0.079062 0.480833 0.030625 0.026667
0 0.07 0.152083 0.01875 0.0425
0 0.20375 0.042917 0.01875 0.0425
0 0.28875 0.145417 0.01875 0.0425
0 0.064062 0.301667 0.030625 0.026667
0 0.048438 0.394167 0.030625 0.026667
0 0.063437 0.435 0.030625 0.026667
0 0.420312 0.12125 0.018125 0.0425
0 0.486875 0.369583 0.04625 0.035833
0 0.39125 0.40125 0.02875 0.0225
0 0.344375 0.441667 0.03125 0.023333
0 0.239687 0.595417 0.018125 0.0425
0 0.309688 0.587083 0.030625 0.029167
0 0.366875 0.589583 0.02 0.040833
1 0.495625 0.202917 0.0275 0.065833
1 0.579063 0.175417 0.028125 0.065833
1 0.559688 0.302083 0.049375 0.0425
1 0.489063 0.451667 0.048125 0.041667
1 0.0475 0.7325 0.02875 0.066667
1 0.085312 0.7275 0.031875 0.065
1 0.070625 0.89375 0.0325 0.0725
0 0.886875 0.512083 0.05875 0.124167
1 0.935937 0.322083 0.028125 0.069167
0 0.94 0.43375 0.0275 0.0675
0 0.9425 0.602917 0.02625 0.0675
