1 0.18625 0.034167 0.04875 0.043333
1 0.185938 0.09625 0.050625 0.0475
1 0.24625 0.152083 0.0325 0.069167
1 0.301875 0.10875 0.0325 0.069167
1 0.350625 0.10625 0.0325 0.069167
1 0.393125 0.10625 0.0325 0.069167
1 0.434375 0.10375 0.0325 0.069167
1 0.475625 0.10375 0.0325 0.069167
1 0.151875 0.474167 0.0525 0.041667
0 0.230625 0.474167 0.04625 0.035
0 0.496875 0.481667 0.03125 0.063333
1 0.719688 0.480417 0.034375 0.069167
1 0.683438 0.942083 0.034375 0.0675
4 0.359063 0.762083 0.234375 0.4675
1 0.460625 0.619167 0.08 0.191667
0 0.569375 0.619583 0.08375 0.195833
