0 0.069687 0.024583 0.031875 0.025833
2 0.019062 0.145 0.034375 0.076667
0 0.07 0.060417 0.03625 0.030833
0 0.1225 0.121667 0.02 0.043333
0 0.3275 0.125833 0.0325 0.023333
0 0.455313 0.142917 0.033125 0.025833
0 0.68375 0.075417 0.045 0.0875
0 0.750625 0.07625 0.0425 0.090833
0 0.968125 0.265833 0.06 0.056667
0 0.982812 0.324167 0.029375 0.026667
0 0.846562 0.5675 0.028125 0.061667
4 0.910937 0.748333 0.044375 0.118333
0 0.889687 0.8375 0.029375 0.025
1 0.48875 0.330833 0.02 0.043333
1 0.624687 0.303333 0.033125 0.026667
1 0.371875 0.489583 0.02 0.044167
1 0.47 0.5475 0.02 0.046667
1 0.685625 0.207083 0.03375 0.024167
1 0.83375 0.274167 0.02 0.046667
1 0.805312 0.31375 0.020625 0.045833
1 0.879687 0.572917 0.020625 0.0475
1 0.837812 0.692917 0.020625 0.049167
1 0.680625 0.872083 0.035 0.029167
1 0.679688 0.964583 0.033125 0.029167
0 0.361875 0.104167 0.0175 0.036667
1 0.4875 0.512083 0.0175 0.0425
0 0.488125 0.58125 0.0175 0.0375
0 0.453125 0.63125 0.035 0.0725
0 0.486875 0.689583 0.01625 0.039167
1 0.580625 0.117917 0.03125 0.0275
1 0.5825 0.181667 0.03125 0.028333
1 0.63 0.051667 0.02 0.043333
3 0.6375 0.1475 0.02625 0.065
1 0.710313 0.184583 0.031875 0.0275
1 0.7925 0.185 0.03125 0.026667
1 0.799063 0.109167 0.030625 0.025
1 0.860313 0.044583 0.030625 0.024167
0 0.88875 0.139167 0.01625 0.04
