1 0.273438 0.020833 0.051875 0.033333
4 0.235937 0.124583 0.099375 0.130833
0 0.332813 0.303333 0.030625 0.07
1 0.333125 0.431667 0.0475 0.1
1 0.376875 0.189583 0.03625 0.0725
1 0.377188 0.301667 0.034375 0.071667
0 0.455937 0.245833 0.078125 0.185
1 0.434063 0.455417 0.050625 0.050833
3 0.4575 0.585 0.0475 0.105
1 0.546875 0.3625 0.04625 0.1
0 0.546875 0.510417 0.04375 0.100833
1 0.594375 0.348333 0.0325 0.071667
0 0.610938 0.49625 0.050625 0.0375
1 0.632812 0.239167 0.030625 0.071667
1 0.6675 0.254583 0.03125 0.0675
0 0.707187 0.256667 0.033125 0.065
4 0.66875 0.3875 0.09625 0.128333
0 0.698438 0.61625 0.076875 0.185833
1 0.71 0.029583 0.075 0.059167
0 0.79125 0.115833 0.13625 0.1
2 0.811562 0.324167 0.144375 0.19
0 0.940625 0.338333 0.0475 0.096667
2 0.225 0.368333 0.13 0.175
1 0.950313 0.483333 0.044375 0.098333
