0 0.367812 0.073333 0.025625 0.053333
0 0.459688 0.06125 0.038125 0.0325
0 0.53875 0.06375 0.02875 0.059167
1 0.105938 0.255417 0.038125 0.089167
1 0.156562 0.24625 0.038125 0.089167
1 0.020938 0.472083 0.038125 0.089167
1 0.134687 0.46875 0.038125 0.089167
1 0.254063 0.041667 0.065625 0.048333
1 0.254375 0.122917 0.0675 0.059167
0 0.299375 0.274583 0.12125 0.1075
0 0.3 0.415 0.12125 0.106667
1 0.256563 0.6225 0.060625 0.128333
0 0.429063 0.614583 0.035625 0.0825
1 0.26125 0.8225 0.04375 0.09
1 0.652813 0.363333 0.054375 0.125
0 0.789062 0.275833 0.098125 0.245
0 0.531563 0.540833 0.054375 0.126667
1 0.670625 0.562083 0.04125 0.089167
1 0.729375 0.56375 0.04125 0.0875
0 0.79 0.595833 0.0375 0.086667
2 0.920937 0.655417 0.151875 0.249167
1 0.534062 0.739583 0.059375 0.130833
4 0.689688 0.744583 0.128125 0.170833
