0 0.667813 0.849583 0.091875 0.080833
0 0.55625 0.944167 0.04625 0.041667
0 0.470938 0.970833 0.019375 0.043333
0 0.447188 0.724167 0.029375 0.023333
0 0.194688 0.556667 0.029375 0.023333
0 0.210313 0.724167 0.029375 0.023333
0 0.210938 0.768333 0.029375 0.023333
0 0.227813 0.890833 0.029375 0.023333
0 0.410313 0.635 0.029375 0.023333
0 0.152812 0.6575 0.019375 0.043333
0 0.176563 0.904167 0.019375 0.043333
0 0.504687 0.614167 0.019375 0.043333
0 0.504062 0.704167 0.019375 0.043333
0 0.504062 0.8375 0.019375 0.043333
1 0.083125 0.048333 0.03125 0.071667
0 0.36375 0.295 0.0425 0.106667
0 0.662813 0.283333 0.033125 0.03
0 0.662188 0.3225 0.030625 0.028333
4 0.378437 0.7225 0.554375 0.545
