0 0.974375 0.43625 0.04 0.034167
0 0.509375 0.065417 0.04 0.034167
0 0.74125 0.13375 0.04 0.034167
0 0.28625 0.220417 0.04 0.034167
0 0.393125 0.292083 0.04 0.034167
0 0.288125 0.372083 0.04 0.034167
0 0.518125 0.292083 0.04 0.034167
0 0.5725 0.36875 0.04 0.034167
0 0.63125 0.36625 0.04 0.034167
0 0.75125 0.362083 0.04 0.034167
0 0.9775 0.892083 0.04 0.034167
0 0.515625 0.219167 0.0225 0.056667
0 0.51625 0.365833 0.025 0.056667
0 0.574375 0.289167 0.025 0.056667
0 0.68875 0.363333 0.025 0.056667
0 0.80125 0.358333 0.025 0.056667
0 0.914375 0.285833 0.025 0.056667
0 0.97375 0.359167 0.025 0.056667
0 0.918125 0.4375 0.025 0.056667
0 0.865 0.435833 0.025 0.056667
0 0.6875 0.442083 0.04 0.034167
0 0.975 0.515417 0.04 0.034167
0 0.803125 0.519583 0.04 0.034167
0 0.966875 0.66125 0.04 0.034167
0 0.803125 0.665417 0.04 0.034167
0 0.8025 0.74375 0.04 0.034167
0 0.631875 0.519583 0.04 0.034167
0 0.57375 0.600417 0.04 0.034167
0 0.575 0.665417 0.04 0.034167
0 0.633125 0.744583 0.04 0.034167
0 0.69125 0.744583 0.04 0.034167
0 0.39625 0.52625 0.04 0.034167
0 0.28875 0.52375 0.04 0.034167
0 0.289375 0.675417 0.04 0.034167
0 0.405625 0.67375 0.04 0.034167
0 0.631875 0.45 0.025 0.056667
0 0.49125 0.626667 0.025 0.056667
0 0.57625 0.748333 0.025 0.056667
0 0.521875 0.8225 0.025 0.056667
0 0.6925 0.82 0.025 0.056667
0 0.865625 0.82 0.025 0.056667
0 0.916875 0.74 0.025 0.056667
0 0.920625 0.891667 0.025 0.056667
0 0.693125 0.896667 0.025 0.056667
0 0.34375 0.822917 0.04 0.034167
0 0.40375 0.822083 0.04 0.034167
0 0.584375 0.89875 0.04 0.034167
0 0.5225 0.8975 0.025 0.056667
0 0.200937 0.265417 0.060625 0.0475
1 0.36125 0.58625 0.06375 0.050833
