0 0.25375 0.127083 0.065 0.130833
0 0.681875 0.120833 0.065 0.128333
0 0.2175 0.5375 0.0175 0.038333
0 0.259375 0.422917 0.0175 0.0425
0 0.302187 0.98 0.018125 0.038333
0 0.155312 0.281667 0.018125 0.038333
0 0.047188 0.535 0.018125 0.038333
0 0.444063 0.408333 0.018125 0.038333
0 0.615938 0.296667 0.018125 0.038333
0 0.741563 0.381667 0.018125 0.038333
0 0.572187 0.466667 0.018125 0.038333
0 0.362812 0.560833 0.018125 0.038333
0 0.509687 0.639167 0.018125 0.038333
0 0.767813 0.425833 0.031875 0.026667
0 0.846562 0.478333 0.031875 0.026667
0 0.755938 0.535 0.031875 0.026667
0 0.809063 0.590833 0.031875 0.026667
0 0.757812 0.6475 0.031875 0.026667
0 0.169063 0.7 0.031875 0.026667
0 0.049063 0.703333 0.031875 0.026667
0 0.844688 0.924167 0.031875 0.026667
0 0.128438 0.871667 0.031875 0.026667
0 0.341562 0.7575 0.031875 0.026667
0 0.347813 0.928333 0.031875 0.026667
0 0.469062 0.869167 0.031875 0.026667
0 0.467813 0.926667 0.031875 0.026667
0 0.551562 0.868333 0.031875 0.026667
0 0.594063 0.868333 0.031875 0.026667
0 0.631563 0.7575 0.031875 0.026667
0 0.635312 0.928333 0.031875 0.026667
0 0.635938 0.9775 0.031875 0.026667
0 0.761563 0.926667 0.031875 0.026667
0 0.764687 0.816667 0.031875 0.026667
0 0.807187 0.816667 0.031875 0.026667
0 0.674063 0.693333 0.018125 0.038333
0 0.675312 0.758333 0.018125 0.038333
0 0.675312 0.815833 0.018125 0.038333
0 0.697187 0.960833 0.018125 0.038333
0 0.635312 0.868333 0.018125 0.038333
0 0.550312 0.814167 0.018125 0.038333
0 0.550312 0.756667 0.018125 0.038333
0 0.422812 0.811667 0.018125 0.038333
0 0.383437 0.755833 0.018125 0.038333
0 0.383437 0.755833 0.018125 0.038333
0 0.279062 0.785 0.018125 0.038333
0 0.012188 0.5625 0.024375 0.063333
1 0.585313 0.2875 0.049375 0.041667
0 0.665 0.285 0.0475 0.041667
1 0.585938 0.344167 0.049375 0.041667
0 0.665625 0.341667 0.0475 0.041667
1 0.584688 0.399167 0.049375 0.041667
0 0.664375 0.396667 0.0475 0.041667
1 0.586562 0.455833 0.049375 0.041667
0 0.66625 0.453333 0.0475 0.041667
1 0.585938 0.510833 0.049375 0.041667
0 0.665625 0.508333 0.0475 0.041667
1 0.585938 0.57 0.049375 0.041667
0 0.665625 0.5675 0.0475 0.041667
1 0.589063 0.624167 0.049375 0.041667
0 0.66875 0.621667 0.0475 0.041667
1 0.589063 0.680833 0.049375 0.041667
0 0.66875 0.678333 0.0475 0.041667
1 0.590313 0.739167 0.049375 0.041667
0 0.66625 0.736667 0.0475 0.041667
