0 0.096562 0.62875 0.029375 0.024167
0 0.084062 0.449583 0.029375 0.024167
0 0.099687 0.497917 0.029375 0.024167
0 0.111562 0.537083 0.029375 0.024167
0 0.088125 0.7775 0.01875 0.035
1 0.078125 0.204583 0.02875 0.065833
1 0.1175 0.202083 0.02875 0.065833
1 0.290938 0.077083 0.044375 0.0375
1 0.290938 0.13375 0.044375 0.0375
1 0.290312 0.194583 0.044375 0.0375
1 0.208437 0.502917 0.044375 0.0375
1 0.287813 0.25875 0.044375 0.0375
1 0.289687 0.380417 0.044375 0.0375
1 0.289062 0.567917 0.044375 0.0375
1 0.209063 0.442083 0.044375 0.0375
0 0.421875 0.566667 0.07375 0.058333
1 0.098437 0.040417 0.030625 0.0675
1 0.179063 0.042917 0.033125 0.074167
