5 0.2575 0.152083 0.11 0.2425
5 0.6175 0.17125 0.1125 0.2425
4 0.264688 0.920417 0.139375 0.150833
2 0.454062 0.845833 0.191875 0.241667
4 0.763437 0.902917 0.139375 0.1725
2 0.939063 0.821667 0.120625 0.246667
1 0.071875 0.086667 0.0675 0.055
1 0.074688 0.227917 0.066875 0.054167
1 0.475 0.061667 0.0425 0.093333
1 0.792188 0.10125 0.065625 0.054167
1 0.789687 0.2475 0.066875 0.055
1 0.360312 0.331667 0.065625 0.048333
1 0.324062 0.440417 0.098125 0.080833
1 0.84375 0.405 0.09625 0.076667
1 0.100625 0.895417 0.0575 0.124167
1 0.165313 0.874167 0.039375 0.086667
1 0.216562 0.729583 0.040625 0.089167
1 0.265937 0.749583 0.040625 0.089167
1 0.709063 0.69625 0.039375 0.095833
1 0.760938 0.717917 0.039375 0.0875
0 0.429063 0.57125 0.183125 0.130833
0 0.316875 0.75125 0.0375 0.080833
0 0.629687 0.87 0.054375 0.128333
0 0.814063 0.720833 0.038125 0.083333
