0 0.0175 0.107083 0.03375 0.089167
0 0.29375 0.097083 0.045 0.084167
0 0.529062 0.095833 0.044375 0.085
0 0.039688 0.78625 0.059375 0.055833
0 0.474062 0.819167 0.060625 0.055
0 0.115312 0.71875 0.031875 0.024167
0 0.200625 0.245417 0.02 0.044167
0 0.230625 0.24625 0.02 0.044167
0 0.26 0.245417 0.02 0.044167
0 0.289375 0.242917 0.02 0.044167
1 0.203437 0.314583 0.019375 0.044167
1 0.230937 0.317917 0.019375 0.044167
1 0.259688 0.31625 0.019375 0.044167
1 0.289062 0.314583 0.019375 0.044167
1 0.299063 0.599167 0.021875 0.048333
1 0.297812 0.665833 0.021875 0.048333
1 0.478125 0.36 0.035 0.03
1 0.4775 0.3975 0.035 0.03
1 0.47875 0.435 0.035 0.03
1 0.476875 0.476667 0.035 0.03
1 0.476875 0.5125 0.035 0.03
1 0.48 0.553333 0.035 0.03
1 0.479375 0.5925 0.035 0.03
1 0.48 0.631667 0.035 0.03
1 0.480625 0.670833 0.035 0.03
1 0.479375 0.708333 0.035 0.03
0 0.529375 0.36 0.03125 0.023333
0 0.53 0.396667 0.03125 0.023333
0 0.53 0.436667 0.03125 0.025
0 0.53 0.475 0.03125 0.026667
0 0.530625 0.514167 0.03125 0.023333
0 0.530625 0.5525 0.03125 0.023333
0 0.53 0.590833 0.03125 0.023333
0 0.53125 0.629167 0.03125 0.023333
0 0.531875 0.668333 0.03125 0.023333
0 0.531875 0.706667 0.03125 0.023333
0 0.187812 0.8625 0.019375 0.016667
0 0.380937 0.489583 0.013125 0.0275
0 0.137187 0.505833 0.019375 0.016667
0 0.383437 0.902917 0.013125 0.0275
0 0.149062 0.552083 0.013125 0.0275
0 0.172187 0.639583 0.013125 0.0275
0 0.172187 0.700417 0.013125 0.0275
0 0.359687 0.682917 0.013125 0.0275
0 0.387188 0.563333 0.019375 0.016667
0 0.365938 0.742083 0.013125 0.0275
0 0.150938 0.78875 0.013125 0.0275
0 0.151562 0.877917 0.013125 0.0275
0 0.151562 0.934583 0.013125 0.0275
0 0.332813 0.750833 0.019375 0.016667
0 0.344062 0.830833 0.019375 0.016667
0 0.344687 0.860833 0.019375 0.016667
0 0.356563 0.970833 0.019375 0.016667
0 0.213438 0.92 0.019375 0.016667
1 0.074063 0.839167 0.081875 0.133333
0 0.5875 0.6575 0.02 0.041667
1 0.949688 0.488333 0.031875 0.025
1 0.949063 0.5225 0.031875 0.025
1 0.948438 0.559167 0.031875 0.025
1 0.949688 0.595 0.031875 0.025
1 0.947187 0.628333 0.031875 0.025
1 0.948438 0.664167 0.031875 0.025
1 0.949688 0.7 0.031875 0.025
1 0.950313 0.733333 0.031875 0.025
1 0.950313 0.77 0.031875 0.025
