0 0.245938 0.314167 0.025625 0.055
0 0.190938 0.470833 0.024375 0.055
1 0.719375 0.065 0.0425 0.093333
1 0.799063 0.163333 0.066875 0.055
0 0.8625 0.361667 0.125 0.113333
0 0.198437 0.87 0.088125 0.175
0 0.683438 0.864167 0.085625 0.175
0 0.334688 0.659167 0.023125 0.048333
0 0.595313 0.465417 0.036875 0.030833
0 0.072188 0.017083 0.036875 0.0275
0 0.308437 0.09125 0.036875 0.030833
0 0.470938 0.084583 0.036875 0.030833
0 0.0475 0.284583 0.0225 0.045833
0 0.587812 0.16125 0.036875 0.030833
0 0.479063 0.310833 0.023125 0.048333
0 0.490312 0.032083 0.099375 0.060833
0 0.804063 0.26375 0.050625 0.130833
