0 0.1125 0.017083 0.03125 0.024167
1 0.176875 0.018333 0.04625 0.035
0 0.248438 0.019167 0.043125 0.031667
1 0.206875 0.071667 0.0325 0.021667
4 0.180625 0.13875 0.06 0.080833
2 0.173125 0.2875 0.08625 0.115
0 0.24 0.25 0.01875 0.043333
1 0.240625 0.33 0.02875 0.065
1 0.270313 0.18 0.021875 0.043333
1 0.270313 0.248333 0.019375 0.041667
0 0.319688 0.214583 0.044375 0.115833
1 0.304063 0.344167 0.031875 0.03
3 0.318125 0.426667 0.0275 0.066667
1 0.375625 0.289167 0.0275 0.061667
0 0.37375 0.3825 0.02625 0.06
1 0.405313 0.278333 0.019375 0.043333
0 0.415938 0.374167 0.028125 0.023333
1 0.43 0.211667 0.01875 0.041667
1 0.45375 0.222083 0.02 0.040833
0 0.47625 0.220417 0.01875 0.039167
4 0.453125 0.30375 0.06 0.0825
0 0.46875 0.44875 0.04875 0.124167
1 0.497812 0.025417 0.033125 0.0275
1 0.479687 0.075833 0.046875 0.043333
0 0.530625 0.135417 0.085 0.064167
2 0.542188 0.264583 0.085625 0.114167
0 0.624062 0.275 0.026875 0.06
1 0.63 0.369167 0.025 0.06
1 0.724688 0.061667 0.044375 0.036667
1 0.661563 0.197917 0.019375 0.0425
1 0.685312 0.2075 0.019375 0.045
0 0.709688 0.208333 0.019375 0.041667
4 0.6875 0.294583 0.0625 0.0825
0 0.68375 0.359583 0.03125 0.024167
0 0.678438 0.455 0.048125 0.116667
0 0.77 0.12625 0.0875 0.059167
2 0.785625 0.251667 0.085 0.116667
