0 0.3 0.046667 0.04375 0.09
1 0.352812 0.055 0.030625 0.071667
1 0.290312 0.237083 0.033125 0.069167
4 0.3975 0.320417 0.0675 0.1725
0 0.367188 0.452083 0.049375 0.044167
1 0.535312 0.367917 0.030625 0.0725
1 0.638437 0.363333 0.035625 0.076667
1 0.050937 0.507083 0.049375 0.040833
1 0.049688 0.648333 0.049375 0.043333
0 0.397188 0.055833 0.060625 0.111667
1 0.185938 0.66875 0.051875 0.045833
1 0.18625 0.780833 0.0525 0.043333
1 0.224062 0.895 0.075625 0.061667
5 0.054375 0.722917 0.08875 0.185833
