0 0.523125 0.17125 0.0675 0.129167
0 0.06125 0.177917 0.0675 0.129167
0 0.16125 0.179583 0.0675 0.129167
0 0.616875 0.177917 0.0675 0.129167
1 0.068437 0.372083 0.051875 0.040833
1 0.249688 0.5375 0.030625 0.07
1 0.292812 0.477083 0.029375 0.0675
0 0.495312 0.464583 0.099375 0.0875
1 0.592187 0.495417 0.028125 0.065833
0 0.518125 0.551667 0.0475 0.043333
0 0.31125 0.9175 0.0425 0.096667
1 0.364375 0.931667 0.03125 0.065
4 0.624062 0.8625 0.236875 0.275
1 0.0425 0.232083 0.0525 0.050833
0 0.0425 0.295417 0.0525 0.044167
0 0.189375 0.644167 0.09375 0.083333
0 0.342187 0.259167 0.030625 0.07
0 0.380625 0.257917 0.03125 0.065833
0 0.4175 0.63875 0.09125 0.0825
4 0.35125 0.489583 0.09375 0.154167
0 0.327188 0.884583 0.061875 0.124167
0 0.408438 0.93125 0.060625 0.124167
0 0.529062 0.885833 0.060625 0.125
1 0.4125 0.155 0.0325 0.07
1 0.454062 0.1525 0.034375 0.07
1 0.579063 0.203333 0.035625 0.071667
1 0.619062 0.20625 0.033125 0.0675
1 0.65625 0.201667 0.0325 0.071667
1 0.517188 0.247917 0.055625 0.045833
0 0.510312 0.314167 0.071875 0.065
1 0.494688 0.552917 0.050625 0.045833
4 0.684063 0.54875 0.278125 0.364167
0 0.833438 0.21625 0.060625 0.1175
