1 0.05 0.044167 0.02375 0.045
1 0.117188 0.0425 0.023125 0.048333
4 0.206563 0.072917 0.046875 0.1225
1 0.278438 0.124167 0.021875 0.05
1 0.23625 0.245417 0.0225 0.049167
0 0.270937 0.252083 0.026875 0.060833
1 0.086875 0.535 0.0225 0.046667
0 0.134375 0.496667 0.03125 0.026667
0 0.14625 0.55375 0.065 0.059167
1 0.284375 0.545833 0.02 0.048333
1 0.312188 0.504167 0.021875 0.045
1 0.433437 0.613333 0.033125 0.026667
1 0.494063 0.517083 0.031875 0.0275
1 0.647813 0.270417 0.020625 0.044167
1 0.745938 0.328333 0.019375 0.043333
1 0.629687 0.488333 0.020625 0.046667
0 0.662813 0.67625 0.031875 0.025833
0 0.790625 0.694167 0.0325 0.025
0 0.068437 0.74625 0.044375 0.084167
0 0.130312 0.747917 0.044375 0.084167
0 0.369688 0.742917 0.044375 0.084167
0 0.435312 0.744583 0.044375 0.084167
4 0.726562 0.835417 0.131875 0.250833
1 0.79125 0.97875 0.03125 0.024167
0 0.0525 0.909167 0.02 0.018333
0 0.47375 0.97375 0.0125 0.0275
0 0.143125 0.97625 0.0125 0.0275
0 0.294375 0.855417 0.0125 0.0275
0 0.255 0.967917 0.0125 0.0275
0 0.391875 0.937917 0.0125 0.0275
0 0.04 0.490833 0.03125 0.025
0 0.170313 0.64375 0.020625 0.0425
1 0.199063 0.738333 0.035625 0.026667
1 0.259062 0.672083 0.033125 0.029167
1 0.264375 0.595833 0.035 0.03
1 0.348438 0.595417 0.034375 0.029167
3 0.420312 0.630417 0.031875 0.0675
1 0.475938 0.594167 0.034375 0.025
1 0.477812 0.657917 0.034375 0.0275
1 0.42875 0.725 0.02 0.045
1 0.647813 0.884583 0.019375 0.044167
0 0.69625 0.667917 0.01875 0.044167
4 0.318125 0.82125 0.125 0.235833
0 0.259062 0.9675 0.030625 0.025
0 0.405313 0.965833 0.031875 0.026667
1 0.42875 0.915833 0.0225 0.045
0 0.565625 0.087083 0.0175 0.039167
0 0.601562 0.143333 0.040625 0.075
0 0.565937 0.192083 0.018125 0.039167
1 0.566875 0.264167 0.02 0.043333
