1 0.508125 0.41625 0.04 0.089167
1 0.562813 0.415833 0.039375 0.095
1 0.620938 0.413333 0.039375 0.095
1 0.679063 0.411667 0.039375 0.095
2 0.746563 0.877917 0.069375 0.150833
2 0.644062 0.884583 0.069375 0.150833
1 0.745938 0.409167 0.039375 0.095
1 0.820937 0.351667 0.039375 0.095
1 0.825313 0.549167 0.039375 0.095
1 0.903438 0.425833 0.066875 0.055
1 0.904687 0.506667 0.066875 0.055
0 0.749375 0.705417 0.0625 0.0525
0 0.61625 0.632917 0.07125 0.059167
0 0.615938 0.712083 0.060625 0.049167
0 0.74875 0.627917 0.07125 0.059167
1 0.922188 0.955417 0.066875 0.060833
