2 0.5625 0.434583 0.0375 0.0775
2 0.5125 0.43875 0.0375 0.0775
1 0.647813 0.472917 0.033125 0.0325
1 0.446562 0.21 0.023125 0.048333
1 0.474687 0.21 0.023125 0.048333
1 0.500938 0.208333 0.023125 0.048333
1 0.530312 0.21 0.023125 0.048333
1 0.563438 0.205833 0.023125 0.048333
1 0.600938 0.1775 0.023125 0.048333
1 0.639687 0.214167 0.035625 0.026667
1 0.639687 0.255833 0.035625 0.026667
1 0.600625 0.274583 0.0225 0.044167
1 0.606875 0.494583 0.0225 0.044167
0 0.4975 0.314583 0.03625 0.030833
0 0.49875 0.354167 0.03625 0.026667
0 0.56375 0.312917 0.03625 0.0275
0 0.56375 0.350833 0.03625 0.026667
0 0.51125 0.525417 0.03625 0.030833
0 0.51125 0.562083 0.03625 0.029167
0 0.5125 0.599167 0.03625 0.026667
0 0.564375 0.52125 0.03625 0.029167
0 0.564375 0.56 0.03625 0.03
0 0.564375 0.59875 0.03625 0.025833
1 0.98625 0.025417 0.02375 0.049167
1 0.915625 0.024583 0.02375 0.049167
0 0.9425 0.72625 0.0425 0.0875
1 0.841562 0.94375 0.033125 0.029167
0 0.840313 0.887083 0.021875 0.020833
0 0.784687 0.96125 0.021875 0.020833
0 0.919687 0.890417 0.021875 0.020833
4 0.813438 0.721667 0.270625 0.356667
1 0.473438 0.129583 0.024375 0.045833
3 0.474687 0.232917 0.033125 0.089167
1 0.53125 0.170833 0.05375 0.128333
0 0.590313 0.167917 0.050625 0.1225
3 0.699688 0.367083 0.051875 0.044167
3 0.697187 0.055417 0.051875 0.044167
3 0.698438 0.15625 0.051875 0.044167
3 0.698438 0.262917 0.051875 0.044167
0 0.870625 0.473333 0.0325 0.026667
0 0.453125 0.508333 0.0325 0.026667
0 0.77875 0.475 0.0325 0.026667
0 0.6275 0.698333 0.02 0.043333
0 0.62875 0.539167 0.02 0.043333
0 0.625625 0.613333 0.02 0.043333
4 0.492188 0.662083 0.135625 0.145833
