0 0.645938 0.070833 0.093125 0.085
0 0.889687 0.067083 0.030625 0.025833
0 0.848437 0.347083 0.030625 0.025833
0 0.93375 0.51375 0.0175 0.040833
0 0.812187 0.514583 0.029375 0.024167
0 0.894375 0.682083 0.0175 0.040833
0 0.650625 0.592083 0.09625 0.089167
1 0.410313 0.674167 0.051875 0.043333
0 0.022187 0.954583 0.044375 0.0375
1 0.06125 0.25875 0.11625 0.2075
1 0.4375 0.535 0.0525 0.043333
1 0.439688 0.675417 0.051875 0.045833
0 0.705313 0.936667 0.078125 0.056667
0 0.82375 0.9375 0.08 0.058333
0 0.079062 0.797083 0.066875 0.0475
