0 0.668125 0.9375 0.04625 0.036667
0 0.896563 0.935 0.045625 0.041667
1 0.5125 0.065 0.0525 0.043333
1 0.514062 0.119167 0.051875 0.041667
1 0.454062 0.957083 0.050625 0.045833
0 0.37375 0.872083 0.14125 0.1075
0 0.4325 0.774167 0.07375 0.055
0 0.4425 0.693333 0.07 0.055
0 0.439375 0.615417 0.09375 0.079167
0 0.368125 0.499583 0.14125 0.104167
0 0.502812 0.382083 0.045625 0.095833
0 0.568125 0.4175 0.04625 0.098333
0 0.631875 0.4175 0.04875 0.105
0 0.714688 0.310417 0.066875 0.1325
0 0.814063 0.31375 0.080625 0.195833
1 0.936875 0.235417 0.1225 0.200833
0 0.961875 0.7775 0.07375 0.063333
4 0.706875 0.763333 0.37 0.466667
