0 0.140625 0.41125 0.0175 0.040833
0 0.509687 0.389167 0.029375 0.026667
0 0.16625 0.02875 0.0175 0.040833
0 0.491875 0.322083 0.0175 0.040833
0 0.215938 0.016667 0.029375 0.026667
0 0.132188 0.3 0.029375 0.026667
0 0.175 0.11875 0.0175 0.040833
0 0.45875 0.097917 0.0175 0.040833
0 0.45875 0.18875 0.0175 0.040833
0 0.545937 0.07125 0.044375 0.035833
1 0.265937 0.140833 0.030625 0.066667
1 0.266875 0.246667 0.0325 0.066667
1 0.275313 0.68 0.029375 0.068333
1 0.319063 0.674167 0.029375 0.068333
1 0.364687 0.675 0.029375 0.068333
1 0.406562 0.675833 0.029375 0.068333
0 0.410313 0.781667 0.026875 0.061667
0 0.363125 0.781667 0.02625 0.061667
0 0.31875 0.783333 0.02625 0.061667
0 0.274062 0.7825 0.026875 0.061667
0 0.222812 0.409583 0.039375 0.1025
0 0.50875 0.403333 0.04125 0.1
0 0.660625 0.376667 0.0325 0.033333
0 0.661563 0.418333 0.030625 0.03
1 0.926562 0.76875 0.055625 0.045833
1 0.925625 0.825417 0.05375 0.045833
