0 0.605313 0.392083 0.085625 0.170833
0 0.731875 0.392917 0.085 0.1725
0 0.060312 0.9425 0.120625 0.111667
1 0.406875 0.844583 0.06375 0.059167
0 0.98375 0.854583 0.02625 0.059167
0 0.296563 0.955833 0.039375 0.035
0 0.75375 0.872917 0.02625 0.059167
0 0.565312 0.735 0.039375 0.035
0 0.400938 0.728333 0.039375 0.035
0 0.520938 0.955833 0.039375 0.035
0 0.290312 0.884167 0.039375 0.035
1 0.54 0.044583 0.06875 0.050833
0 0.67375 0.5375 0.07 0.05
0 0.289687 0.691667 0.035625 0.083333
0 0.021562 0.741667 0.035625 0.083333
0 0.178437 0.694167 0.035625 0.083333
1 0.347813 0.692917 0.040625 0.089167
1 0.074688 0.73875 0.040625 0.089167
1 0.235313 0.692917 0.040625 0.089167
