0 0.129603 0.149346 0.023983 0.019985
0 0.229469 0.163245 0.012718 0.036519
0 0.246487 0.163245 0.013081 0.035429
0 0.32437 0.186592 0.013324 0.035974
0 0.369913 0.186864 0.013081 0.036519
0 0.355438 0.203761 0.011022 0.024164
0 0.346233 0.204306 0.00642 0.017987
0 0.336059 0.202307 0.006904 0.017987
0 0.383479 0.219749 0.011628 0.010356
0 0.3793 0.235738 0.011749 0.009993
0 0.379421 0.251272 0.011991 0.010901
0 0.293726 0.233012 0.011143 0.010356
0 0.248001 0.216297 0.004966 0.01181
0 0.288275 0.25536 0.014535 0.014717
0 0.430172 0.223292 0.004724 0.011628
0 0.391957 0.271621 0.016231 0.016352
0 0.39117 0.295422 0.023619 0.019985
0 0.257449 0.286337 0.004724 0.011628
0 0.28876 0.272075 0.014535 0.015443
0 0.335211 0.33194 0.006662 0.017442
0 0.229469 0.333666 0.004724 0.01181
0 0.199067 0.322129 0.010538 0.022892
0 0.186773 0.322129 0.010659 0.022166
0 0.169271 0.345476 0.007873 0.006722
0 0.175751 0.364826 0.011628 0.010538
0 0.142745 0.338663 0.022892 0.019259
0 0.117793 0.34693 0.004724 0.01181
0 0.130572 0.378543 0.013324 0.034339
0 0.198946 0.410792 0.023377 0.019622
0 0.079276 0.427507 0.023135 0.018895
0 0.073341 0.396893 0.007873 0.006722
0 0.117551 0.399891 0.006904 0.017442
0 0.047602 0.448492 0.012112 0.009993
0 0.0496 0.464662 0.005208 0.012536
0 0.033915 0.485193 0.023014 0.01944
0 0.094295 0.509084 0.012718 0.034884
0 0.078307 0.487918 0.008358 0.007449
0 0.067951 0.544422 0.01187 0.010719
0 0.052386 0.567769 0.005208 0.011991
0 0.032946 0.565498 0.02374 0.019077
0 0.170603 0.411246 0.0086 0.007449
0 0.259084 0.502453 0.00751 0.019077
0 0.280402 0.470476 0.007994 0.007086
0 0.30814 0.484466 0.007752 0.018714
0 0.316679 0.484102 0.007146 0.018714
0 0.307594 0.512445 0.007146 0.019077
0 0.316618 0.512627 0.00751 0.018714
0 0.289305 0.539789 0.004966 0.011628
0 0.246609 0.575491 0.00969 0.022347
0 0.081395 0.577852 0.007752 0.007086
0 0.096112 0.600836 0.01296 0.034884
0 0.217357 0.607922 0.014898 0.014898
0 0.211301 0.627998 0.014414 0.015443
0 0.216994 0.657522 0.014656 0.014898
0 0.246972 0.630723 0.00969 0.022347
0 0.286519 0.653525 0.007146 0.018169
0 0.293786 0.612373 0.008358 0.007449
0 0.293605 0.622366 0.007994 0.007449
0 0.297299 0.732558 0.014898 0.014535
0 0.143956 0.882994 0.024104 0.019985
0 0.520409 0.223201 0.005208 0.013263
0 0.6379 0.221657 0.004966 0.011628
0 0.681868 0.214844 0.008358 0.007449
0 0.708757 0.213572 0.008358 0.007086
0 0.680838 0.273892 0.007994 0.007812
0 0.685501 0.302053 0.008358 0.007449
0 0.68532 0.322402 0.007994 0.007449
0 0.643471 0.307504 0.005208 0.012536
0 0.699067 0.391897 0.004966 0.011991
0 0.437197 0.52698 0.0086 0.007449
0 0.698946 0.448219 0.004966 0.011991
0 0.455971 0.686137 0.004724 0.0129
0 0.462754 0.685956 0.004966 0.012536
0 0.415031 0.686501 0.004724 0.0129
0 0.421814 0.686319 0.004966 0.012536
0 0.428597 0.686501 0.004724 0.0129
0 0.43538 0.686319 0.004966 0.012536
0 0.442163 0.686137 0.004724 0.0129
0 0.449188 0.686319 0.004966 0.012536
0 0.469658 0.686319 0.004966 0.012536
0 0.460998 0.782158 0.005814 0.014172
0 0.467599 0.781886 0.004724 0.012536
0 0.47414 0.78125 0.004482 0.011628
0 0.599322 0.8006 0.007994 0.007812
0 0.599261 0.810047 0.008358 0.007086
0 0.594234 0.835665 0.007752 0.007449
0 0.594174 0.844931 0.008358 0.007449
0 0.703367 0.844113 0.00969 0.008721
0 0.702883 0.834484 0.009448 0.008358
0 0.87064 0.511355 0.007994 0.007086
0 0.849746 0.511537 0.008358 0.007449
0 0.859617 0.525073 0.015262 0.014535
0 0.756904 0.561864 0.007994 0.007449
0 0.762234 0.357286 0.007994 0.007449
0 0.791969 0.30714 0.004966 0.012536
0 0.791969 0.271166 0.004966 0.0129
0 0.779009 0.212664 0.008358 0.007086
0 0.764656 0.211573 0.007994 0.007449
0 0.748365 0.211937 0.008358 0.007086
0 0.785308 0.144531 0.004966 0.0129
0 0.851684 0.197674 0.024104 0.019985
0 0.927689 0.201399 0.00751 0.018714
3 0.084605 0.193859 0.033551 0.030887
3 0.084242 0.153706 0.033551 0.030887
3 0.290516 0.186319 0.011991 0.035065
3 0.039123 0.427053 0.014293 0.011083
3 0.474806 0.27698 0.022529 0.027798
3 0.557292 0.275073 0.022287 0.028343
3 0.593447 0.24355 0.013445 0.010356
3 0.764535 0.454669 0.012839 0.011083
3 0.873728 0.240007 0.007389 0.018895
3 0.853077 0.239644 0.007752 0.019259
3 0.832909 0.240371 0.007389 0.018895
3 0.812803 0.240098 0.007146 0.01835
3 0.839995 0.152525 0.013081 0.011083
4 0.233709 0.263172 0.036216 0.04633
4 0.334969 0.268078 0.058018 0.087028
4 0.094719 0.37391 0.016231 0.023619
4 0.157098 0.393895 0.015988 0.023619
4 0.062137 0.479015 0.015746 0.022347
4 0.065044 0.569495 0.015746 0.023074
4 0.258236 0.695858 0.043362 0.064317
4 0.755875 0.159339 0.026526 0.053052
4 0.744307 0.284157 0.070252 0.105741
4 0.728198 0.415334 0.044816 0.055233
4 0.407461 0.589571 0.092297 0.095203
4 0.902192 0.208666 0.013445 0.031795
2 0.160005 0.234466 0.089147 0.132086
2 0.064317 0.373547 0.022287 0.03343
2 0.164608 0.435956 0.022529 0.034702
2 0.068798 0.51181 0.022287 0.033067
2 0.072008 0.603379 0.021681 0.033067
2 0.222444 0.641988 0.011991 0.009993
2 0.236616 0.629451 0.00642 0.01726
2 0.452338 0.784793 0.006662 0.017624
1 0.27804 0.197947 0.005451 0.013626
1 0.26405 0.23492 0.004845 0.012355
1 0.307655 0.207395 0.005087 0.0129
1 0.314438 0.207122 0.005087 0.012355
1 0.506359 0.22302 0.005451 0.0129
1 0.513263 0.223292 0.005451 0.011991
1 0.295603 0.221839 0.0086 0.007631
1 0.53022 0.266715 0.0086 0.007631
1 0.529857 0.283339 0.0086 0.008176
1 0.300085 0.289335 0.0086 0.008176
1 0.282037 0.294059 0.005451 0.013263
1 0.275497 0.294059 0.005451 0.013263
1 0.168847 0.315225 0.012597 0.011628
1 0.150254 0.315498 0.0086 0.008176
1 0.213844 0.314953 0.005693 0.0129
1 0.220991 0.314408 0.005451 0.013263
1 0.229469 0.313772 0.005451 0.012355
1 0.314862 0.339299 0.023135 0.017987
1 0.401102 0.32649 0.022892 0.02907
1 0.157764 0.365098 0.012234 0.011083
1 0.118035 0.371639 0.006904 0.01835
1 0.1078 0.383176 0.004845 0.012355
1 0.191558 0.385992 0.012234 0.011083
1 0.173631 0.389898 0.0086 0.007631
1 0.173631 0.400345 0.0086 0.008176
1 0.138808 0.444404 0.005087 0.012355
1 0.125969 0.445222 0.005087 0.0129
1 0.073462 0.408158 0.0086 0.008176
1 0.087088 0.408067 0.007994 0.007267
1 0.057958 0.39653 0.011991 0.010719
1 0.054506 0.42133 0.005087 0.012355
1 0.06571 0.449582 0.011991 0.010719
1 0.080911 0.46984 0.008236 0.007267
1 0.068011 0.460392 0.0086 0.007267
1 0.078731 0.478924 0.008236 0.007267
1 0.106286 0.489916 0.007389 0.017624
1 0.116642 0.496366 0.004845 0.012355
1 0.14117 0.51726 0.0086 0.007267
1 0.349201 0.41915 0.005087 0.012355
1 0.366158 0.419331 0.005087 0.012355
1 0.287427 0.497638 0.022529 0.033067
1 0.267563 0.506086 0.005087 0.0129
1 0.294392 0.524164 0.008842 0.007267
1 0.297602 0.539971 0.005087 0.012355
1 0.084 0.55923 0.0086 0.007631
1 0.081698 0.569041 0.0086 0.007631
1 0.050569 0.547329 0.011991 0.010719
1 0.124213 0.574219 0.005451 0.0129
1 0.137294 0.574219 0.005451 0.013626
1 0.109799 0.583303 0.007389 0.017987
1 0.306686 0.629906 0.008236 0.007631
1 0.306868 0.640625 0.008842 0.007631
1 0.294816 0.655705 0.005087 0.012355
1 0.25757 0.649437 0.005693 0.013263
1 0.299964 0.670785 0.0086 0.007267
1 0.299964 0.680323 0.0086 0.008176
1 0.299782 0.689862 0.008236 0.007631
1 0.144016 0.857467 0.022529 0.01835
1 0.416 0.223746 0.005451 0.0129
1 0.422905 0.223656 0.005451 0.011991
1 0.448219 0.268532 0.0086 0.007631
1 0.447856 0.285156 0.0086 0.008176
1 0.598474 0.222111 0.005087 0.013263
1 0.645167 0.22193 0.005451 0.0129
1 0.681262 0.283249 0.0086 0.007631
1 0.712088 0.198674 0.005087 0.0129
1 0.723958 0.199219 0.004845 0.0129
1 0.732558 0.1994 0.004845 0.013263
1 0.739704 0.199037 0.004845 0.0129
1 0.614462 0.336483 0.005087 0.012355
1 0.685259 0.312773 0.0086 0.008176
1 0.685259 0.333394 0.0086 0.007631
1 0.743459 0.368914 0.005087 0.0129
1 0.756601 0.391806 0.005451 0.0129
1 0.77156 0.393986 0.005087 0.013263
1 0.77156 0.426508 0.004845 0.0129
1 0.709 0.458212 0.0086 0.007267
1 0.746245 0.457758 0.008236 0.008176
1 0.759569 0.476653 0.005087 0.0129
1 0.771439 0.476472 0.004845 0.0129
1 0.415274 0.666515 0.005451 0.0129
1 0.42884 0.667242 0.005451 0.0129
1 0.462754 0.666334 0.005451 0.0129
1 0.46978 0.66706 0.005451 0.0129
1 0.448946 0.666697 0.005451 0.0129
1 0.455971 0.666334 0.005451 0.0129
1 0.435623 0.666697 0.005451 0.0129
1 0.442163 0.667424 0.005451 0.0129
1 0.714935 0.543241 0.0086 0.007631
1 0.600472 0.460483 0.005451 0.0129
1 0.607982 0.460483 0.005451 0.0129
1 0.642139 0.460665 0.005451 0.0129
1 0.649649 0.460665 0.005451 0.0129
1 0.628089 0.460665 0.005451 0.0129
1 0.635114 0.460665 0.005451 0.0129
1 0.614765 0.460665 0.005451 0.0129
1 0.621306 0.460665 0.005451 0.0129
1 0.421572 0.666879 0.005451 0.0129
1 0.474322 0.809593 0.004845 0.012355
1 0.511507 0.747729 0.005087 0.0129
1 0.518169 0.747547 0.005087 0.013626
1 0.85132 0.175055 0.023135 0.017624
1 0.859557 0.152616 0.0086 0.007631
5 0.277495 0.326762 0.012839 0.032158
5 0.132025 0.478561 0.022287 0.021439
5 0.130693 0.54306 0.022287 0.019259
