1 0.705313 0.114167 0.049375 0.05
1 0.642188 0.195417 0.033125 0.0675
1 0.682187 0.198333 0.029375 0.07
0 0.661875 0.280833 0.04375 0.041667
1 0.439375 0.054167 0.05375 0.043333
0 0.49875 0.076667 0.03125 0.065
4 0.631563 0.296667 0.139375 0.141667
0 0.506875 0.29625 0.03125 0.069167
0 0.748437 0.302083 0.030625 0.0675
1 0.788125 0.3025 0.03125 0.071667
0 0.864375 0.26125 0.0325 0.0675
1 0.906563 0.26375 0.035625 0.074167
0 0.946562 0.263333 0.030625 0.071667
1 0.535 0.595 0.0525 0.043333
0 0.535937 0.6575 0.044375 0.041667
1 0.539062 0.976667 0.049375 0.041667
0 0.889375 0.607083 0.05375 0.040833
