0 0.30875 0.390833 0.0475 0.036667
0 0.387188 0.387917 0.045625 0.039167
0 0.309063 0.44875 0.055625 0.045833
0 0.389062 0.444583 0.055625 0.045833
0 0.309063 0.50625 0.055625 0.045833
0 0.389062 0.50125 0.055625 0.045833
1 0.24625 0.549583 0.03125 0.069167
1 0.180938 0.57875 0.050625 0.040833
0 0.407813 0.757917 0.045625 0.040833
0 0.309688 0.762083 0.045625 0.040833
0 0.409062 0.817083 0.051875 0.0475
0 0.312188 0.822083 0.051875 0.0475
1 0.195937 0.9075 0.051875 0.043333
1 0.195312 0.96875 0.054375 0.0475
1 0.2525 0.879583 0.03125 0.069167
2 0.388125 0.633333 0.05125 0.11
2 0.313125 0.636667 0.05125 0.11
