0 0.540312 0.463333 0.030625 0.026667
1 0.551875 0.51875 0.02 0.0475
1 0.525 0.517083 0.02125 0.044167
1 0.510938 0.57375 0.033125 0.030833
1 0.132188 0.0925 0.034375 0.025
1 0.129375 0.020833 0.03375 0.026667
1 0.131875 0.1625 0.03375 0.026667
1 0.131875 0.1275 0.03375 0.026667
1 0.129375 0.0575 0.03375 0.026667
0 0.179375 0.162917 0.03125 0.025833
0 0.17875 0.02125 0.03125 0.025833
0 0.18 0.055417 0.03125 0.025833
0 0.18 0.089583 0.03125 0.025833
0 0.18 0.12625 0.03125 0.025833
0 0.014687 0.787917 0.019375 0.040833
0 0.095 0.82625 0.04625 0.034167
1 0.034688 0.72125 0.021875 0.044167
1 0.060937 0.722083 0.021875 0.044167
1 0.140313 0.754583 0.021875 0.044167
1 0.164062 0.75625 0.021875 0.044167
1 0.187188 0.75625 0.021875 0.044167
1 0.084375 0.974167 0.0325 0.026667
0 0.295 0.767083 0.0375 0.075833
4 0.205937 0.924167 0.178125 0.146667
1 0.1 0.780833 0.0325 0.026667
