0 0.615625 0.49125 0.04 0.089167
0 0.061875 0.28625 0.04 0.089167
0 0.11875 0.135417 0.04 0.089167
0 0.120625 0.28875 0.04 0.089167
0 0.28625 0.405417 0.04 0.089167
0 0.231875 0.509583 0.04 0.089167
0 0.40375 0.28625 0.04 0.089167
0 0.488125 0.39625 0.04 0.089167
0 0.401562 0.788333 0.118125 0.106667
0 0.31 0.669583 0.06875 0.055833
0 0.16625 0.63875 0.1225 0.0975
0 0.100937 0.444583 0.119375 0.099167
0 0.395937 0.584167 0.026875 0.055
0 0.510312 0.5125 0.026875 0.053333
0 0.843437 0.5125 0.026875 0.053333
0 0.204687 0.248333 0.068125 0.055
0 0.20625 0.325 0.06875 0.055
0 0.434688 0.1275 0.066875 0.055
0 0.295938 0.05875 0.025625 0.0575
0 0.27625 0.133333 0.04 0.033333
0 0.244688 0.060833 0.043125 0.036667
4 0.351875 0.475833 0.05375 0.076667
1 0.31125 0.601667 0.065 0.048333
1 0.559063 0.351667 0.038125 0.086667
1 0.506563 0.239167 0.038125 0.086667
