0 0.375625 0.483333 0.0825 0.155
0 0.771875 0.441667 0.1175 0.101667
0 0.751875 0.7025 0.09375 0.25
0 0.844688 0.846667 0.039375 0.083333
0 0.8425 0.697083 0.04125 0.0875
0 0.899375 0.772083 0.04125 0.090833
0 0.957812 0.770417 0.039375 0.089167
0 0.339375 0.277083 0.03625 0.079167
0 0.524375 0.25875 0.06375 0.050833
0 0.65625 0.252083 0.04125 0.029167
0 0.05125 0.397083 0.1 0.254167
1 0.806875 0.33125 0.065 0.049167
1 0.420625 0.262917 0.065 0.049167
1 0.70375 0.33125 0.065 0.049167
4 0.541562 0.442917 0.181875 0.244167
