0 0.549063 0.283333 0.048125 0.13
0 0.594375 0.415833 0.09625 0.075
4 0.378125 0.532083 0.235 0.2375
0 0.489375 0.682917 0.02 0.019167
0 0.489375 0.705833 0.0225 0.018333
0 0.494375 0.744583 0.02 0.0175
0 0.495 0.768333 0.02125 0.018333
0 0.55125 0.749167 0.02125 0.016667
0 0.33625 0.68125 0.02125 0.0175
0 0.11 0.787917 0.0225 0.0475
0 0.31 0.877917 0.055 0.129167
0 0.01125 0.91125 0.02125 0.045833
0 0.0675 0.872083 0.02125 0.045833
0 0.095 0.872917 0.02125 0.045833
0 0.124375 0.87375 0.02125 0.045833
0 0.15125 0.872917 0.02125 0.045833
0 0.18125 0.872917 0.02125 0.045833
0 0.20875 0.87375 0.02125 0.045833
0 0.238125 0.87375 0.02125 0.045833
0 0.0375 0.872917 0.02125 0.045833
0 0.010625 0.837083 0.02125 0.045833
0 0.25375 0.98125 0.03375 0.0275
0 0.184688 0.947083 0.013125 0.0275
0 0.15875 0.94875 0.02 0.019167
0 0.174063 0.984167 0.020625 0.016667
1 0.524687 0.585417 0.019375 0.045833
1 0.550312 0.519583 0.019375 0.045833
1 0.524687 0.519583 0.019375 0.045833
