0 0.854062 0.82 0.056875 0.13
0 0.450313 0.364167 0.056875 0.13
0 0.369063 0.665833 0.056875 0.13
0 0.435937 0.666667 0.056875 0.13
0 0.504062 0.666667 0.056875 0.13
0 0.49375 0.815417 0.09875 0.0675
0 0.490312 0.900833 0.095625 0.07
0 0.66625 0.710417 0.04 0.079167
0 0.865625 0.690417 0.0625 0.0525
0 0.955937 0.8525 0.021875 0.046667
0 0.375312 0.419167 0.021875 0.046667
0 0.402187 0.418333 0.021875 0.046667
0 0.271562 0.64 0.021875 0.046667
0 0.646563 0.608333 0.021875 0.046667
0 0.897813 0.815833 0.021875 0.046667
0 0.899062 0.8925 0.021875 0.046667
0 0.924687 0.854167 0.021875 0.046667
0 0.9175 0.97375 0.03375 0.024167
0 0.30875 0.622083 0.03125 0.025833
0 0.740313 0.596667 0.033125 0.026667
0 0.805 0.5925 0.0225 0.018333
1 0.295 0.517917 0.035 0.025833
1 0.82875 0.97375 0.035 0.025833
1 0.829375 0.632917 0.035 0.025833
1 0.88125 0.634583 0.035 0.025833
1 0.688125 0.600417 0.035 0.025833
1 0.321562 0.84375 0.020625 0.045833
1 0.294687 0.842917 0.020625 0.045833
1 0.298125 0.720417 0.035 0.025833
1 0.295 0.549583 0.035 0.025833
1 0.323437 0.669583 0.020625 0.045833
1 0.297812 0.672083 0.020625 0.045833
4 0.749375 0.69125 0.09375 0.125833
