0 0.45625 0.384583 0.05 0.125833
0 0.350625 0.187083 0.05 0.125833
0 0.38875 0.38375 0.05 0.125833
0 0.486875 0.187083 0.05 0.125833
0 0.418125 0.18625 0.05 0.125833
0 0.732812 0.408333 0.038125 0.078333
0 0.269375 0.255 0.02 0.045
0 0.748125 0.10625 0.03375 0.079167
0 0.90625 0.085833 0.03 0.023333
0 0.973437 0.080833 0.020625 0.045
0 0.972812 0.156667 0.019375 0.046667
0 0.966562 0.23375 0.056875 0.049167
1 0.817187 0.085417 0.034375 0.029167
4 0.86125 0.173333 0.0925 0.121667
0 0.741563 0.30625 0.018125 0.040833
0 0.713125 0.235833 0.0125 0.026667
0 0.789062 0.13875 0.018125 0.040833
0 0.944688 0.154583 0.020625 0.045833
0 0.843437 0.309583 0.030625 0.024167
1 0.279062 0.318333 0.020625 0.046667
1 0.789687 0.2575 0.020625 0.046667
1 0.903438 0.401667 0.020625 0.046667
1 0.895625 0.453333 0.035 0.026667
1 0.31875 0.460833 0.035 0.026667
1 0.79 0.309167 0.035 0.026667
1 0.846875 0.2675 0.035 0.026667
1 0.90125 0.32 0.035 0.026667
0 0.892188 0.264167 0.020625 0.018333
0 0.880313 0.409583 0.013125 0.029167
4 0.815625 0.400833 0.09375 0.123333
4 0.609688 0.340417 0.146875 0.1975
0 0.510625 0.410833 0.02125 0.018333
