0 0.15875 0.62125 0.04125 0.090833
0 0.56125 0.795833 0.10375 0.255
0 0.0725 0.789583 0.04125 0.090833
0 0.129375 0.789583 0.04125 0.090833
0 0.188125 0.79125 0.04125 0.090833
0 0.24125 0.787917 0.04125 0.090833
0 0.30125 0.789583 0.04125 0.090833
0 0.356875 0.789583 0.04125 0.090833
0 0.414375 0.79125 0.04125 0.090833
0 0.610313 0.408333 0.038125 0.033333
0 0.924063 0.536667 0.038125 0.033333
0 0.914062 0.458333 0.038125 0.033333
0 0.914062 0.411667 0.038125 0.033333
0 0.924063 0.58 0.038125 0.033333
0 0.30625 0.94125 0.0225 0.0525
0 0.254063 0.9425 0.039375 0.033333
