4 0.196563 0.132917 0.143125 0.194167
0 0.07 0.16375 0.06375 0.119167
0 0.367812 0.131667 0.091875 0.08
0 0.352187 0.32625 0.075625 0.2025
0 0.872812 0.382917 0.080625 0.204167
0 0.907813 0.092917 0.033125 0.029167
0 0.763437 0.379167 0.035625 0.07
0 0.571562 0.251667 0.035625 0.07
0 0.422187 0.323333 0.035625 0.07
0 0.423438 0.435833 0.035625 0.07
0 0.718437 0.380833 0.035625 0.07
0 0.507812 0.379167 0.035625 0.07
0 0.202813 0.890833 0.029375 0.063333
0 0.594688 0.380833 0.035625 0.07
0 0.549687 0.380833 0.035625 0.07
0 0.677813 0.380833 0.035625 0.07
0 0.632812 0.379167 0.035625 0.07
0 0.462813 0.379167 0.035625 0.07
0 0.549687 0.549167 0.035625 0.07
0 0.505938 0.66 0.035625 0.07
0 0.550937 0.663333 0.035625 0.07
0 0.674687 0.751667 0.035625 0.07
0 0.633437 0.83 0.035625 0.07
0 0.762813 0.66 0.035625 0.07
0 0.824063 0.743333 0.035625 0.07
0 0.922188 0.811667 0.035625 0.07
0 0.273438 0.639167 0.030625 0.065
0 0.451875 0.55875 0.05 0.0375
0 0.537188 0.781667 0.090625 0.076667
0 0.584688 0.926667 0.090625 0.076667
0 0.694375 0.95125 0.05125 0.044167
0 0.354375 0.892083 0.04875 0.039167
0 0.431875 0.823333 0.02875 0.023333
0 0.614375 0.632083 0.0475 0.040833
0 0.614375 0.69125 0.0525 0.045833
1 0.395625 0.052917 0.0525 0.040833
1 0.31875 0.05125 0.0525 0.040833
0 0.6825 0.49375 0.01875 0.039167
0 0.643437 0.492917 0.029375 0.024167
0 0.666875 0.547083 0.02875 0.024167
1 0.275313 0.814583 0.026875 0.064167
1 0.44125 0.90625 0.0475 0.035833
1 0.839063 0.627917 0.026875 0.064167
1 0.877812 0.71125 0.026875 0.064167
1 0.318125 0.557917 0.0475 0.035833
1 0.275 0.892083 0.0475 0.035833
1 0.360625 0.82875 0.0475 0.035833
0 0.161875 0.782917 0.01625 0.039167
0 0.7575 0.88375 0.01625 0.039167
0 0.842187 0.830417 0.016875 0.0375
4 0.723437 0.8025 0.043125 0.055
4 0.379688 0.695 0.134375 0.18
1 0.693438 0.895833 0.048125 0.035
