0 0.371563 0.04 0.029375 0.063333
1 0.448437 0.081667 0.028125 0.065
1 0.409687 0.084167 0.029375 0.063333
0 0.699688 0.422083 0.139375 0.100833
0 0.700937 0.294583 0.139375 0.100833
0 0.956875 0.142917 0.0575 0.119167
0 0.706562 0.699583 0.078125 0.189167
0 0.507812 0.70125 0.074375 0.189167
0 0.605938 0.699583 0.076875 0.189167
0 0.384688 0.795 0.028125 0.066667
1 0.447188 0.340833 0.031875 0.071667
1 0.399687 0.891667 0.031875 0.071667
1 0.385937 0.603333 0.031875 0.071667
1 0.406562 0.340833 0.031875 0.071667
1 0.41125 0.15875 0.0525 0.040833
