4 0.275313 0.638333 0.293125 0.393333
4 0.685937 0.762083 0.181875 0.244167
4 0.775312 0.309583 0.181875 0.244167
0 0.519687 0.775833 0.071875 0.146667
0 0.538438 0.572917 0.033125 0.075833
0 0.74125 0.575 0.05875 0.046667
0 0.549375 0.175417 0.07 0.160833
0 0.63375 0.237917 0.035 0.080833
0 0.871875 0.129583 0.0625 0.0425
0 0.947187 0.264167 0.043125 0.095
1 0.847812 0.860417 0.066875 0.0525
0 0.484063 0.428333 0.021875 0.055
0 0.843437 0.484167 0.036875 0.033333
1 0.692813 0.127917 0.066875 0.0525
1 0.749687 0.492917 0.066875 0.0525
1 0.636563 0.57625 0.066875 0.0525
1 0.859062 0.592917 0.066875 0.0525
0 0.816562 0.77375 0.025625 0.0525
1 0.634062 0.4725 0.036875 0.083333
1 0.861563 0.759167 0.036875 0.083333
0 0.076563 0.77875 0.041875 0.034167
