0 0.225938 0.425 0.060625 0.053333
0 0.074063 0.253333 0.060625 0.05
0 0.104688 0.348333 0.060625 0.05
0 0.14125 0.287083 0.02125 0.045833
0 0.168125 0.235417 0.02 0.045833
0 0.18 0.3675 0.03625 0.028333
0 0.269062 0.229167 0.021875 0.045
0 0.334062 0.275 0.020625 0.046667
0 0.615625 0.463333 0.0225 0.046667
0 0.611563 0.515 0.013125 0.028333
0 0.446875 0.288333 0.015 0.031667
0 0.280625 0.287917 0.0125 0.0275
0 0.224062 0.32375 0.013125 0.029167
0 0.018125 0.105833 0.03 0.025
0 0.128125 0.19375 0.03375 0.0275
0 0.1275 0.15625 0.03375 0.0275
0 0.2425 0.09375 0.03375 0.0275
0 0.085625 0.175 0.02125 0.046667
0 0.085625 0.1 0.02125 0.046667
0 0.2275 0.175 0.02125 0.046667
0 0.056875 0.174167 0.02125 0.046667
0 0.148438 0.0625 0.020625 0.018333
0 0.174687 0.061667 0.014375 0.028333
0 0.163125 0.0975 0.02 0.018333
1 0.305937 0.208333 0.021875 0.045
1 0.279062 0.151667 0.021875 0.045
1 0.53125 0.629583 0.03375 0.0275
4 0.20125 0.269167 0.03125 0.041667
1 0.666875 0.4625 0.02125 0.046667
1 0.015 0.423333 0.02125 0.046667
1 0.64125 0.461667 0.02125 0.046667
1 0.180625 0.332083 0.03375 0.0275
1 0.53125 0.597917 0.03375 0.0275
4 0.55125 0.500833 0.085 0.063333
