0 0.929375 0.784167 0.02375 0.056667
0 0.72125 0.195833 0.02375 0.056667
0 0.9475 0.195833 0.02375 0.056667
0 0.82125 0.42 0.02375 0.056667
0 0.675 0.795 0.02375 0.056667
0 0.844375 0.784167 0.02375 0.056667
0 0.800625 0.785 0.02375 0.056667
0 0.7525 0.7875 0.02375 0.056667
0 0.889375 0.7825 0.02375 0.056667
1 0.674375 0.959583 0.03375 0.069167
1 0.764062 0.196667 0.025625 0.056667
1 0.582812 0.53375 0.028125 0.059167
1 0.91125 0.428333 0.03375 0.075
1 0.862812 0.419167 0.025625 0.056667
1 0.674063 0.655 0.034375 0.075
0 0.234375 0.114583 0.07875 0.129167
0 0.321875 0.148333 0.02625 0.063333
3 0.34625 0.348333 0.1125 0.093333
4 0.370625 0.84375 0.265 0.304167
0 0.588437 0.76625 0.024375 0.055833
0 0.590313 0.925417 0.024375 0.055833
