0 0.560625 0.19625 0.0225 0.055833
0 0.4 0.097917 0.0225 0.055833
0 0.117188 0.280833 0.025625 0.056667
0 0.821562 0.94625 0.025625 0.055833
0 0.523125 0.199583 0.0225 0.055833
0 0.705 0.197917 0.0225 0.055833
0 0.758125 0.197917 0.0225 0.055833
0 0.87125 0.194583 0.0225 0.055833
0 0.62125 0.452083 0.0225 0.055833
0 0.630625 0.770417 0.0225 0.055833
0 0.715625 0.767083 0.0225 0.055833
0 0.48125 0.952083 0.0225 0.055833
0 0.870938 0.764583 0.025625 0.055833
0 0.81625 0.762917 0.0225 0.055833
0 0.735 0.947083 0.0225 0.055833
1 0.355625 0.252083 0.02625 0.059167
1 0.1875 0.282083 0.02625 0.059167
1 0.651875 0.19875 0.02625 0.059167
1 0.930625 0.19625 0.02625 0.059167
1 0.95375 0.942083 0.02625 0.059167
1 0.86875 0.942917 0.02625 0.059167
1 0.5625 0.772917 0.0275 0.059167
1 0.346875 0.835833 0.04375 0.111667
1 0.966875 0.764583 0.02625 0.059167
1 0.91875 0.76375 0.02625 0.059167
1 0.90875 0.94375 0.02625 0.059167
1 0.783125 0.945417 0.02625 0.059167
1 0.478125 0.812083 0.02625 0.059167
4 0.41875 0.540833 0.1 0.3
1 0.515938 0.729167 0.091875 0.056667
0 0.121875 0.6375 0.15625 0.121667
1 0.214688 0.429167 0.091875 0.056667
