0 0.811562 0.10875 0.021875 0.055833
0 0.107813 0.212917 0.021875 0.055833
0 0.904687 0.972083 0.021875 0.055833
0 0.471562 0.112917 0.021875 0.055833
0 0.725313 0.109583 0.021875 0.055833
0 0.162188 0.212083 0.021875 0.055833
0 0.472187 0.635417 0.021875 0.055833
0 0.045312 0.800417 0.021875 0.055833
0 0.849688 0.972083 0.021875 0.055833
0 0.293438 0.684583 0.021875 0.055833
0 0.086563 0.800417 0.021875 0.055833
1 0.245312 0.21125 0.025625 0.060833
1 0.024688 0.43875 0.025625 0.060833
1 0.072813 0.445833 0.034375 0.076667
1 0.386562 0.73375 0.025625 0.060833
1 0.469062 0.324583 0.025625 0.055833
1 0.3 0.515417 0.0375 0.0725
1 0.457813 0.79625 0.025625 0.055833
1 0.230937 0.434583 0.025625 0.055833
1 0.471562 0.452917 0.025625 0.055833
1 0.696562 0.835417 0.025625 0.055833
1 0.676562 0.70375 0.025625 0.055833
1 0.295 0.835417 0.03625 0.0725
1 0.189688 0.587083 0.035625 0.0775
1 0.94375 0.10625 0.02625 0.059167
1 0.85875 0.107083 0.02625 0.059167
1 0.89875 0.10875 0.02625 0.059167
1 0.77375 0.109583 0.02625 0.059167
1 0.596562 0.700417 0.045625 0.1225
1 0.505 0.17125 0.08875 0.235833
