0 0.132812 0.081486 0.006904 0.01726
0 0.208152 0.040607 0.011265 0.010356
0 0.208394 0.058957 0.011749 0.010356
0 0.209302 0.094931 0.012839 0.010719
0 0.151466 0.12827 0.011749 0.009811
0 0.382328 0.214844 0.009084 0.020894
2 0.15728 0.408794 0.007389 0.018169
0 0.374939 0.695585 0.011265 0.011083
0 0.770288 0.842297 0.046633 0.046512
0 0.171996 0.790879 0.031008 0.071948
0 0.334726 0.798328 0.046633 0.046512
0 0.590359 0.371094 0.021076 0.016897
2 0.726441 0.146802 0.021439 0.018169
0 0.513081 0.052416 0.006541 0.016533
0 0.838481 0.095839 0.030644 0.073946
0 0.696766 0.096566 0.006904 0.016897
0 0.724019 0.11746 0.024346 0.029251
0 0.671996 0.077307 0.022771 0.055051
2 0.725957 0.088209 0.022166 0.016897
0 0.895288 0.498183 0.03234 0.034157
0 0.809654 0.548601 0.022166 0.058321
2 0.716146 0.842387 0.022166 0.017624
0 0.89547 0.797693 0.029312 0.073219
3 0.942163 0.737736 0.011507 0.032885
3 0.941558 0.857286 0.011507 0.032885
3 0.942042 0.798056 0.011507 0.032885
0 0.519319 0.5 0.022166 0.056686
0 0.319525 0.33185 0.049661 0.045967
4 0.334908 0.268986 0.026647 0.051781
3 0.375727 0.27371 0.012355 0.039062
3 0.329457 0.186047 0.020833 0.053779
2 0.37603 0.15952 0.041061 0.06577
0 0.108285 0.135447 0.037306 0.035792
3 0.146621 0.20685 0.018047 0.051054
3 0.11961 0.206214 0.019501 0.053779
4 0.165879 0.066043 0.026284 0.051417
1 0.208394 0.078579 0.011507 0.010719
1 0.15189 0.111646 0.012112 0.011083
1 0.388263 0.747184 0.011749 0.010719
1 0.416243 0.74682 0.011265 0.010356
1 0.518108 0.655069 0.011507 0.035429
1 0.518471 0.567224 0.011749 0.034157
1 0.517018 0.449037 0.011022 0.010719
1 0.517745 0.432504 0.011265 0.011446
1 0.517381 0.413972 0.011265 0.011446
1 0.515322 0.378543 0.011507 0.033249
1 0.537972 0.374637 0.009569 0.022166
1 0.549843 0.373637 0.006904 0.017624
1 0.560501 0.373365 0.009569 0.022166
1 0.625848 0.374182 0.022529 0.01726
1 0.39117 0.119459 0.011022 0.011083
1 0.58618 0.053507 0.006904 0.01726
1 0.574067 0.05278 0.006904 0.01726
1 0.598898 0.053143 0.006904 0.01726
1 0.525981 0.052598 0.006904 0.01726
1 0.562439 0.053143 0.006904 0.01726
1 0.549843 0.05278 0.006904 0.01726
1 0.538094 0.052961 0.006904 0.01726
1 0.63142 0.053961 0.021076 0.018169
1 0.724564 0.042333 0.020833 0.018169
1 0.671875 0.140352 0.022529 0.01726
1 0.726017 0.794513 0.010174 0.021439
1 0.743035 0.794513 0.009569 0.021439
1 0.758418 0.794967 0.009811 0.020894
1 0.840056 0.806959 0.011265 0.010356
1 0.632752 0.866642 0.022529 0.018532
4 0.873365 0.935229 0.05923 0.129542
4 0.876817 0.33939 0.060562 0.246366
4 0.720385 0.278888 0.093144 0.140988
4 0.556868 0.212482 0.131904 0.197856
4 0.4332 0.182231 0.02798 0.099564
4 0.393108 0.522257 0.163396 0.238554
4 0.489826 0.726381 0.037306 0.071948
4 0.402071 0.815952 0.029918 0.099927
4 0.672057 0.574764 0.183987 0.279615
4 0.250606 0.065044 0.02689 0.050145
4 0.246003 0.788608 0.066618 0.098656
4 0.827883 0.753089 0.032703 0.067224
