0 0.244375 0.13125 0.02375 0.054167
0 0.444375 0.96875 0.0225 0.055833
0 0.207187 0.474583 0.021875 0.055833
0 0.091563 0.677083 0.021875 0.055833
0 0.545937 0.582083 0.021875 0.055833
0 0.915312 0.577917 0.021875 0.055833
0 0.972187 0.57625 0.021875 0.055833
0 0.834063 0.835417 0.021875 0.055833
1 0.637188 0.580417 0.025625 0.059167
1 0.156562 0.320417 0.025625 0.059167
1 0.056563 0.322083 0.025625 0.059167
1 0.107188 0.475417 0.025625 0.059167
1 0.042188 0.677083 0.025625 0.059167
1 0.8275 0.578333 0.08875 0.056667
1 0.711875 0.581667 0.08875 0.056667
