4 0.438125 0.432917 0.1025 0.3025
0 0.811875 0.2475 0.02375 0.056667
0 0.045625 0.922083 0.0225 0.054167
0 0.16 0.918333 0.02 0.053333
0 0.369375 0.7075 0.0225 0.053333
0 0.464375 0.715417 0.0225 0.055833
0 0.676562 0.887917 0.021875 0.055833
1 0.374688 0.028333 0.024375 0.056667
1 0.220312 0.918333 0.024375 0.056667
1 0.522188 0.890833 0.024375 0.056667
1 0.572187 0.89 0.024375 0.056667
1 0.622812 0.886667 0.024375 0.056667
1 0.754062 0.595 0.024375 0.056667
1 0.751563 0.4325 0.024375 0.056667
1 0.954063 0.419167 0.024375 0.056667
1 0.956562 0.6 0.024375 0.056667
1 0.886563 0.605 0.024375 0.056667
0 0.781563 0.3925 0.113125 0.258333
4 0.734375 0.77875 0.275 0.140833
1 0.925 0.847917 0.0275 0.060833
1 0.923125 0.690417 0.0275 0.060833
