1 0.074688 0.110417 0.034375 0.090833
1 0.957187 0.26125 0.054375 0.1125
1 0.396562 0.859583 0.054375 0.1175
1 0.425938 0.189583 0.054375 0.1175
1 0.518437 0.190417 0.054375 0.1175
1 0.616563 0.190417 0.054375 0.1175
1 0.795312 0.190417 0.054375 0.1175
1 0.232187 0.175417 0.054375 0.1175
1 0.090938 0.628333 0.040625 0.09
1 0.234063 0.47125 0.054375 0.1175
0 0.955 0.520833 0.0325 0.085
0 0.23625 0.705 0.0325 0.085
0 0.691875 0.53 0.0325 0.085
0 0.559375 0.526667 0.0325 0.085
0 0.62375 0.53 0.0325 0.085
0 0.76 0.528333 0.0325 0.085
0 0.83625 0.528333 0.0325 0.085
1 0.953125 0.7325 0.05375 0.116667
2 0.2 0.082083 0.0675 0.050833
