0 0.285 0.224167 0.02375 0.053333
0 0.447813 0.225417 0.021875 0.054167
0 0.599688 0.224167 0.021875 0.053333
0 0.914687 0.234583 0.020625 0.054167
0 0.900937 0.534167 0.021875 0.056667
0 0.905 0.834583 0.0225 0.055833
0 0.311563 0.475417 0.024375 0.055833
0 0.6325 0.723333 0.0225 0.053333
0 0.457188 0.840833 0.024375 0.058333
0 0.374063 0.840833 0.024375 0.058333
0 0.332813 0.839167 0.024375 0.058333
0 0.292187 0.841667 0.024375 0.058333
0 0.416563 0.84 0.024375 0.058333
1 0.169375 0.612917 0.03625 0.0725
1 0.829063 0.966667 0.024375 0.056667
1 0.400625 0.48125 0.03625 0.0725
1 0.633125 0.870417 0.03625 0.0725
1 0.493437 0.472917 0.025625 0.060833
1 0.513125 0.20375 0.03625 0.0725
1 0.352812 0.474167 0.024375 0.056667
1 0.781563 0.971667 0.024375 0.056667
1 0.63875 0.552083 0.03625 0.0725
1 0.555 0.64375 0.03625 0.0725
1 0.555312 0.472083 0.025625 0.060833
