0 0.811875 0.94875 0.02375 0.055833
0 0.085625 0.59375 0.02375 0.055833
0 0.1425 0.592083 0.02375 0.055833
0 0.680625 0.955417 0.02375 0.055833
1 0.196563 0.59125 0.025625 0.059167
1 0.306563 0.905417 0.024375 0.059167
1 0.426875 0.597917 0.0275 0.059167
1 0.47125 0.597083 0.0275 0.059167
1 0.689688 0.58375 0.088125 0.059167
1 0.309063 0.592917 0.088125 0.059167
1 0.554063 0.587083 0.088125 0.059167
2 0.154062 0.2725 0.044375 0.036667
3 0.73125 0.053333 0.13875 0.105
3 0.724688 0.206667 0.134375 0.096667
0 0.953438 0.232083 0.024375 0.059167
