1 0.384375 0.85875 0.02625 0.055833
1 0.68 0.302917 0.02625 0.055833
1 0.728125 0.29625 0.02625 0.055833
1 0.778438 0.300417 0.024375 0.055833
0 0.965938 0.11 0.025625 0.056667
1 0.879375 0.295417 0.02375 0.055833
1 0.833125 0.454583 0.02375 0.055833
1 0.61375 0.39125 0.02625 0.055833
1 0.684375 0.662083 0.02625 0.055833
1 0.76875 0.65625 0.02625 0.055833
1 0.14375 0.5875 0.08625 0.058333
1 0.390937 0.58 0.090625 0.058333
1 0.2775 0.585 0.08625 0.058333
0 0.821562 0.656667 0.024375 0.056667
0 0.080312 0.585 0.024375 0.056667
0 0.212812 0.585 0.024375 0.056667
0 0.6175 0.5475 0.0225 0.056667
0 0.934375 0.4525 0.02375 0.056667
0 0.789062 0.319167 0.196875 0.163333
4 0.800312 0.735833 0.266875 0.355
