0 0.640938 0.212917 0.031875 0.0675
1 0.163438 0.215833 0.035625 0.075
1 0.506563 0.215833 0.035625 0.075
1 0.315937 0.215833 0.035625 0.075
1 0.237813 0.218333 0.035625 0.075
1 0.93125 0.950417 0.03625 0.0725
1 0.934375 0.650417 0.03625 0.0725
1 0.831875 0.605417 0.03625 0.0725
1 0.7175 0.604583 0.03625 0.0725
1 0.655625 0.607083 0.03625 0.0725
1 0.595625 0.607083 0.03625 0.0725
1 0.471875 0.597917 0.03625 0.0725
1 0.471875 0.787083 0.03625 0.0725
1 0.105313 0.644167 0.025625 0.058333
1 0.092813 0.914167 0.025625 0.058333
1 0.370312 0.558333 0.025625 0.058333
1 0.148438 0.644167 0.025625 0.058333
1 0.076563 0.780833 0.025625 0.058333
1 0.194688 0.643333 0.025625 0.058333
1 0.312812 0.8275 0.025625 0.058333
1 0.382812 0.886667 0.025625 0.058333
0 0.474687 0.937083 0.020625 0.050833
0 0.293438 0.645 0.020625 0.051667
0 0.858437 0.82125 0.021875 0.055833
0 0.810312 0.82375 0.021875 0.055833
0 0.934688 0.815417 0.021875 0.055833
0 0.722812 0.824583 0.021875 0.055833
0 0.682187 0.82375 0.021875 0.055833
0 0.766563 0.82375 0.021875 0.055833
0 0.021562 0.399167 0.020625 0.051667
0 0.057813 0.6425 0.019375 0.05
