0 0.174375 0.443333 0.0325 0.07
0 0.10375 0.214583 0.04375 0.1125
0 0.205625 0.21125 0.04375 0.1125
0 0.511875 0.160833 0.0225 0.058333
0 0.515625 0.296667 0.0225 0.058333
0 0.324375 0.7375 0.0225 0.058333
0 0.520625 0.705 0.0225 0.058333
0 0.52125 0.82 0.0225 0.058333
0 0.8275 0.915833 0.0225 0.058333
0 0.684375 0.92 0.0225 0.058333
0 0.64625 0.921667 0.0225 0.058333
0 0.880625 0.915833 0.0225 0.058333
1 0.477812 0.973333 0.025625 0.053333
1 0.034688 0.62875 0.025625 0.055833
1 0.516563 0.45125 0.025625 0.055833
1 0.041563 0.795417 0.025625 0.055833
1 0.774062 0.917917 0.025625 0.055833
1 0.519687 0.577917 0.025625 0.055833
