1 0.858125 0.2425 0.03625 0.075
1 0.70375 0.2425 0.03625 0.075
1 0.781875 0.2425 0.03625 0.075
1 0.867188 0.81 0.034375 0.075
1 0.199375 0.400833 0.02625 0.058333
1 0.265 0.398333 0.02625 0.058333
1 0.866563 0.620833 0.034375 0.075
1 0.675 0.71 0.0225 0.056667
1 0.723125 0.7075 0.0225 0.056667
0 0.327813 0.915833 0.020625 0.051667
0 0.367812 0.915 0.021875 0.051667
0 0.204063 0.9175 0.020625 0.051667
0 0.247188 0.916667 0.021875 0.051667
1 0.287187 0.915833 0.025625 0.058333
0 0.600313 0.840833 0.019375 0.051667
0 0.868125 0.954583 0.0225 0.055833
3 0.904687 0.23125 0.085625 0.059167
3 0.569688 0.24125 0.085625 0.059167
3 0.733437 0.24125 0.085625 0.059167
