0 0.050313 0.147083 0.020625 0.054167
0 0.17 0.14375 0.02375 0.054167
0 0.306875 0.140833 0.02375 0.056667
0 0.480938 0.570833 0.024375 0.058333
2 0.774687 0.259583 0.041875 0.114167
1 0.039688 0.424167 0.035625 0.075
1 0.2175 0.144167 0.02625 0.058333
1 0.478438 0.431667 0.025625 0.058333
1 0.349687 0.141667 0.025625 0.058333
1 0.390313 0.140833 0.025625 0.058333
1 0.824688 0.88375 0.034375 0.074167
1 0.760312 0.885 0.034375 0.075
1 0.547813 0.886667 0.034375 0.075
1 0.481563 0.887917 0.034375 0.0775
1 0.686562 0.88875 0.034375 0.0775
1 0.617812 0.884583 0.034375 0.074167
1 0.943438 0.122083 0.035625 0.074167
0 0.524062 0.440833 0.128125 0.265
2 0.517813 0.134583 0.045625 0.114167
1 0.655937 0.376667 0.054375 0.048333
1 0.654062 0.191667 0.054375 0.048333
1 0.654687 0.2875 0.054375 0.048333
4 0.782188 0.765417 0.188125 0.179167
1 0.63 0.8375 0.03 0.066667
