0 0.43875 0.939167 0.0225 0.051667
0 0.039375 0.2125 0.0225 0.051667
0 0.55375 0.186667 0.0225 0.051667
0 0.265 0.438333 0.0225 0.051667
0 0.179375 0.554167 0.0225 0.051667
0 0.18375 0.780833 0.0225 0.051667
0 0.0325 0.781667 0.0225 0.051667
0 0.219375 0.961667 0.0225 0.051667
0 0.2675 0.958333 0.0225 0.051667
1 0.032188 0.959167 0.024375 0.056667
1 0.100312 0.214167 0.024375 0.056667
1 0.400938 0.190833 0.024375 0.056667
1 0.449062 0.191667 0.024375 0.056667
1 0.499688 0.188333 0.024375 0.056667
1 0.510938 0.446667 0.024375 0.056667
1 0.132188 0.783333 0.024375 0.056667
1 0.082187 0.783333 0.024375 0.056667
1 0.073438 0.961667 0.024375 0.056667
1 0.117813 0.959167 0.024375 0.056667
1 0.170313 0.96 0.024375 0.056667
1 0.980938 0.15 0.025625 0.058333
1 0.778438 0.140833 0.025625 0.058333
4 0.845938 0.559583 0.191875 0.184167
