0 0.281875 0.205 0.0225 0.053333
0 0.862187 0.38 0.021875 0.053333
0 0.450937 0.63125 0.020625 0.054167
0 0.587812 0.630417 0.021875 0.054167
0 0.707812 0.63 0.020625 0.053333
0 0.762188 0.627917 0.021875 0.054167
0 0.8975 0.625417 0.0225 0.054167
0 0.339375 0.789583 0.0225 0.055833
1 0.72 0.353333 0.0375 0.075
1 0.985313 0.625833 0.024375 0.056667
1 0.368437 0.629167 0.024375 0.056667
1 0.408438 0.629167 0.024375 0.056667
1 0.541562 0.63 0.024375 0.056667
1 0.942813 0.626667 0.024375 0.056667
1 0.282813 0.340833 0.024375 0.056667
1 0.929063 0.89625 0.025625 0.055833
1 0.427812 0.96875 0.025625 0.055833
1 0.913438 0.762917 0.025625 0.055833
3 0.077188 0.523333 0.085625 0.061667
0 0.756875 0.254167 0.08375 0.165
