0 0.120276 0.187137 0.012112 0.010538
0 0.320312 0.236374 0.012476 0.011628
0 0.350594 0.210302 0.011749 0.011083
0 0.403767 0.155887 0.011507 0.010538
0 0.419998 0.231014 0.011749 0.011083
0 0.37609 0.210938 0.012112 0.010538
0 0.321463 0.286337 0.012839 0.011628
0 0.420361 0.287518 0.011749 0.011083
0 0.420179 0.328852 0.012112 0.011628
0 0.335816 0.373456 0.012476 0.011083
0 0.430414 0.364644 0.011749 0.010538
0 0.438893 0.390443 0.012476 0.010538
0 0.338844 0.426145 0.012476 0.012173
0 0.437561 0.428507 0.011749 0.011083
0 0.250363 0.489735 0.012112 0.011083
0 0.250727 0.511265 0.012112 0.011628
0 0.298995 0.543605 0.012476 0.011628
0 0.470749 0.518714 0.011507 0.010538
0 0.470264 0.560047 0.012476 0.011083
0 0.470688 0.609738 0.012112 0.010538
0 0.250363 0.652162 0.012112 0.012173
0 0.323159 0.691679 0.012112 0.011628
0 0.346112 0.690861 0.011507 0.011083
0 0.379118 0.691406 0.012112 0.011083
0 0.429021 0.691406 0.012839 0.011083
0 0.470082 0.640352 0.012112 0.011083
0 0.163578 0.76508 0.012476 0.011628
0 0.228622 0.779797 0.011749 0.011628
0 0.266412 0.823855 0.011749 0.011083
0 0.346778 0.827217 0.012112 0.010538
0 0.466509 0.883358 0.011749 0.011628
0 0.244307 0.900709 0.012112 0.011083
0 0.432837 0.961664 0.012476 0.011628
0 0.608648 0.929869 0.012839 0.011628
0 0.63366 0.930233 0.011749 0.010538
0 0.684896 0.931323 0.012476 0.011628
0 0.745034 0.931595 0.012112 0.011083
0 0.775073 0.974746 0.012112 0.010538
0 0.855802 0.911519 0.012476 0.011628
0 0.611737 0.994004 0.013203 0.010538
0 0.513203 0.993187 0.012112 0.011083
0 0.582364 0.705305 0.012112 0.011628
0 0.624576 0.68859 0.011749 0.010538
0 0.671875 0.680323 0.012112 0.011083
0 0.740855 0.68968 0.012476 0.011628
0 0.740673 0.674328 0.012112 0.011083
0 0.740855 0.658521 0.011749 0.011083
0 0.741037 0.642896 0.012112 0.011083
0 0.741037 0.627271 0.012112 0.011083
0 0.85562 0.680323 0.014777 0.01617
0 0.922602 0.681141 0.015504 0.015625
0 0.524346 0.632631 0.012112 0.011628
0 0.625545 0.627816 0.011749 0.012173
0 0.720022 0.561682 0.012476 0.012173
0 0.625727 0.570858 0.012112 0.010538
0 0.559169 0.55069 0.011749 0.010538
0 0.523195 0.563408 0.012476 0.011628
0 0.629663 0.452035 0.011749 0.011628
0 0.685744 0.459666 0.011507 0.011628
0 0.742188 0.459393 0.011749 0.011083
0 0.629845 0.389353 0.012112 0.011628
0 0.502968 0.36746 0.012476 0.011083
0 0.703064 0.371185 0.011749 0.010538
0 0.728743 0.37173 0.012476 0.010538
0 0.703064 0.35556 0.011749 0.010538
0 0.728743 0.35665 0.012476 0.010538
0 0.703428 0.325763 0.011749 0.010538
0 0.728379 0.325218 0.012476 0.010538
0 0.703428 0.309048 0.011749 0.010538
0 0.728379 0.309048 0.012476 0.010538
0 0.648438 0.218841 0.011507 0.011083
0 0.630814 0.186228 0.012839 0.012718
0 0.571039 0.148438 0.011749 0.011628
1 0.471354 0.489553 0.012476 0.012173
1 0.332788 0.154706 0.012476 0.012173
1 0.332425 0.17996 0.012476 0.012173
1 0.370458 0.155251 0.012476 0.012173
1 0.371185 0.178507 0.012476 0.012173
1 0.419998 0.188681 0.012476 0.012173
1 0.420724 0.249909 0.012476 0.012173
1 0.38366 0.244822 0.012476 0.012173
1 0.250545 0.587936 0.013203 0.035974
1 0.251272 0.281795 0.013203 0.035974
1 0.251272 0.333576 0.013203 0.035974
1 0.310804 0.428234 0.012839 0.012718
1 0.252786 0.364644 0.012839 0.012718
1 0.250484 0.469023 0.012839 0.012173
1 0.540395 0.4256 0.015141 0.01726
1 0.252786 0.381632 0.012839 0.012173
1 0.38366 0.282794 0.012476 0.012173
1 0.251272 0.426599 0.013203 0.035974
1 0.250545 0.544513 0.013203 0.035974
1 0.250545 0.617006 0.012476 0.011628
1 0.380269 0.774164 0.012476 0.011628
1 0.527919 0.593205 0.015867 0.016715
1 0.380451 0.743732 0.012112 0.012173
1 0.453852 0.667242 0.012112 0.012173
1 0.403706 0.691588 0.012112 0.012173
1 0.460635 0.719931 0.012112 0.012173
1 0.470627 0.584121 0.012476 0.011628
1 0.466812 0.940861 0.012839 0.012173
1 0.414123 0.774437 0.012839 0.012173
1 0.2285 0.817315 0.012476 0.012173
1 0.199067 0.798783 0.012476 0.012173
1 0.266291 0.875636 0.012476 0.012173
1 0.199067 0.837118 0.012476 0.012173
1 0.197977 0.856377 0.012476 0.012173
1 0.198704 0.875091 0.012476 0.012173
1 0.266412 0.843114 0.012476 0.012173
1 0.21554 0.900618 0.013203 0.012718
1 0.302144 0.991279 0.012476 0.013081
1 0.414486 0.800781 0.012839 0.012173
1 0.412185 0.85129 0.012839 0.012173
1 0.381541 0.85129 0.012839 0.012173
1 0.466449 0.903434 0.012839 0.012173
1 0.467175 0.922148 0.012839 0.012173
1 0.515807 0.8998 0.012476 0.012173
1 0.587573 0.552144 0.023983 0.019259
1 0.556202 0.708212 0.023983 0.019259
1 0.716085 0.194586 0.024225 0.019259
1 0.685441 0.195676 0.024225 0.019259
1 0.761083 0.219113 0.012476 0.012718
1 0.827217 0.334484 0.012476 0.012718
1 0.826853 0.30923 0.012476 0.012718
1 0.630208 0.249727 0.012839 0.012173
1 0.630814 0.280705 0.012839 0.012718
1 0.630027 0.340116 0.012476 0.013081
1 0.703609 0.340752 0.012839 0.011083
1 0.728561 0.34048 0.012839 0.012718
1 0.767381 0.506904 0.013445 0.013081
1 0.767018 0.488735 0.013445 0.013081
1 0.747699 0.561773 0.015504 0.016715
1 0.78343 0.561773 0.015504 0.016715
1 0.688106 0.558321 0.015504 0.016715
1 0.704942 0.589844 0.015504 0.01617
1 0.672905 0.589208 0.012476 0.012718
1 0.673571 0.647075 0.016231 0.01617
1 0.67242 0.612464 0.012476 0.012718
1 0.62173 0.603107 0.016231 0.01617
1 0.781129 0.607922 0.015504 0.016715
1 0.781856 0.631086 0.016231 0.017624
1 0.781492 0.653616 0.015504 0.01617
1 0.781311 0.698129 0.015867 0.01726
1 0.773195 0.736464 0.015867 0.01617
1 0.697372 0.735011 0.015141 0.01726
1 0.672178 0.665243 0.012476 0.012173
2 0.798995 0.80069 0.022892 0.019259
1 0.775073 0.958303 0.012839 0.012173
1 0.775073 0.943223 0.012839 0.012173
1 0.829881 0.911882 0.013203 0.013081
1 0.708333 0.931323 0.012839 0.012718
1 0.685259 0.965025 0.012476 0.012173
1 0.710392 0.965025 0.012839 0.012173
1 0.915334 0.784339 0.016231 0.016715
1 0.915334 0.808685 0.016231 0.016715
1 0.914608 0.887718 0.016231 0.016715
1 0.914608 0.912609 0.016231 0.016715
1 0.915698 0.835574 0.016231 0.016715
1 0.914971 0.8621 0.016231 0.016715
1 0.922541 0.630087 0.015141 0.015625
1 0.855438 0.631177 0.015141 0.015625
1 0.85562 0.500999 0.015504 0.01726
1 0.924419 0.502271 0.015504 0.017624
1 0.855257 0.559684 0.015504 0.01726
1 0.923692 0.558775 0.015504 0.017624
1 0.855984 0.530432 0.015504 0.01726
1 0.923692 0.530614 0.015504 0.017624
4 0.379118 0.969477 0.062016 0.041424
4 0.366764 0.566951 0.069767 0.190589
4 0.382146 0.395712 0.062016 0.041424
