0 0.275313 0.0325 0.021875 0.053333
0 0.412187 0.2425 0.021875 0.056667
0 0.493437 0.245 0.021875 0.051667
0 0.624687 0.239583 0.021875 0.055833
0 0.733125 0.23625 0.02375 0.054167
0 0.967187 0.057917 0.021875 0.054167
0 0.437188 0.529583 0.020625 0.055833
0 0.620313 0.517083 0.021875 0.055833
0 0.656875 0.70875 0.0225 0.055833
0 0.250312 0.840833 0.021875 0.051667
1 0.541562 0.545 0.035625 0.075
1 0.202813 0.199167 0.025625 0.056667
1 0.340938 0.159167 0.025625 0.056667
1 0.561562 0.244167 0.025625 0.056667
1 0.810937 0.236667 0.025625 0.056667
1 0.656563 0.8575 0.044375 0.118333
1 0.240313 0.703333 0.044375 0.118333
1 0.017812 0.0425 0.024375 0.056667
1 0.962187 0.601667 0.025625 0.058333
1 0.279375 0.615417 0.09 0.060833
0 0.720313 0.618333 0.163125 0.128333
1 0.5275 0.614583 0.09 0.060833
1 0.8625 0.601667 0.0225 0.058333
1 0.910312 0.604167 0.024375 0.058333
