1 0.8425 0.5875 0.08875 0.058333
1 0.05 0.608333 0.08875 0.058333
1 0.16625 0.605 0.08875 0.058333
1 0.27875 0.604167 0.08875 0.058333
1 0.45125 0.598333 0.08875 0.058333
1 0.569375 0.593333 0.08875 0.058333
1 0.775312 0.5875 0.024375 0.058333
1 0.3475 0.5975 0.02625 0.058333
1 0.383125 0.595 0.02625 0.058333
1 0.6725 0.591667 0.02625 0.058333
1 0.74 0.588333 0.02625 0.058333
0 0.1075 0.762083 0.0425 0.1125
0 0.639062 0.5925 0.021875 0.053333
0 0.706562 0.59 0.021875 0.053333
0 0.914062 0.581667 0.024375 0.056667
2 0.56 0.23625 0.04625 0.0325
