1 0.159688 0.175417 0.038125 0.074167
1 0.262188 0.216667 0.038125 0.075
1 0.38125 0.212917 0.03625 0.074167
1 0.626563 0.21625 0.035625 0.0775
1 0.442812 0.212083 0.035625 0.0775
1 0.502812 0.20875 0.035625 0.0775
1 0.819688 0.125 0.024375 0.056667
1 0.770938 0.128333 0.024375 0.056667
1 0.796875 0.598333 0.0375 0.075
1 0.448125 0.605833 0.0375 0.075
1 0.64 0.600833 0.0375 0.075
1 0.71625 0.601667 0.0375 0.075
1 0.040625 0.935833 0.0375 0.076667
0 0.313125 0.6125 0.0325 0.071667
0 0.57125 0.550417 0.165 0.1275
