0 0.3535 0.020621 0.013203 0.011083
0 0.171451 0.096021 0.013203 0.011083
0 0.236495 0.110738 0.013203 0.011083
0 0.274285 0.154161 0.013203 0.011083
0 0.354106 0.156704 0.013203 0.011083
0 0.256965 0.383812 0.013203 0.011083
0 0.330608 0.021711 0.013203 0.011083
0 0.386204 0.021166 0.013203 0.011083
0 0.435865 0.021166 0.013203 0.011083
0 0.473898 0.210847 0.013203 0.011083
0 0.252604 0.231014 0.011749 0.011083
0 0.440468 0.289517 0.013203 0.011083
0 0.438408 0.325854 0.013203 0.011083
0 0.476926 0.406159 0.013203 0.011083
0 0.476926 0.448674 0.013203 0.011083
0 0.477774 0.469023 0.013203 0.011083
0 0.477047 0.52371 0.013203 0.011083
0 0.477531 0.538063 0.013203 0.011083
0 0.457304 0.583848 0.013203 0.011083
0 0.435623 0.584393 0.013203 0.011083
0 0.358709 0.583666 0.013203 0.011083
0 0.333152 0.584211 0.013203 0.011083
0 0.257328 0.537155 0.013203 0.011083
0 0.256965 0.512082 0.013203 0.011083
0 0.257086 0.433775 0.013203 0.011083
0 0.340782 0.700491 0.022892 0.018714
0 0.440589 0.658158 0.011749 0.011083
0 0.491582 0.692133 0.011749 0.011083
0 0.490613 0.783521 0.011749 0.011083
0 0.285792 0.738826 0.022892 0.018714
0 0.340419 0.738826 0.022892 0.018714
0 0.281613 0.858557 0.014777 0.014717
0 0.384448 0.712845 0.014777 0.014717
0 0.449007 0.808049 0.023256 0.028888
0 0.111555 0.858103 0.012112 0.011628
0 0.679566 0.741824 0.011749 0.011628
0 0.548752 0.819041 0.011749 0.011628
0 0.575036 0.820131 0.011749 0.011628
0 0.930051 0.688499 0.015141 0.01617
0 0.636446 0.778525 0.011749 0.011628
0 0.74897 0.798147 0.011749 0.011628
0 0.748365 0.76944 0.011749 0.011628
0 0.747638 0.75109 0.011749 0.011628
0 0.748001 0.73492 0.011749 0.011628
0 0.747638 0.71875 0.011749 0.011628
0 0.748001 0.70258 0.011749 0.011628
0 0.637173 0.692769 0.011749 0.011628
0 0.63681 0.672602 0.011749 0.011628
0 0.726562 0.624455 0.011749 0.011628
0 0.86319 0.687954 0.015141 0.01617
0 0.525557 0.501999 0.012112 0.011628
0 0.781856 0.396257 0.012112 0.011628
0 0.619065 0.556323 0.012112 0.011628
0 0.584666 0.467297 0.012112 0.011628
0 0.585211 0.40843 0.012476 0.010538
0 0.585392 0.499637 0.012112 0.011628
0 0.619307 0.460756 0.012112 0.011628
0 0.619792 0.427871 0.012112 0.011628
0 0.584484 0.429869 0.011749 0.011628
0 0.718144 0.557231 0.012112 0.011628
0 0.782461 0.467842 0.012112 0.011628
0 0.828609 0.454397 0.012112 0.011628
0 0.782219 0.417333 0.012112 0.011628
0 0.78228 0.556868 0.011749 0.012718
0 0.861919 0.236737 0.011143 0.011628
0 0.520712 0.320676 0.011143 0.011628
0 0.542636 0.351926 0.011143 0.011628
0 0.585029 0.351926 0.011143 0.011628
0 0.619065 0.339026 0.011143 0.011628
0 0.615492 0.256541 0.011749 0.010538
0 0.618823 0.320131 0.011143 0.011628
0 0.640383 0.257086 0.011143 0.011628
0 0.691982 0.257086 0.011143 0.011628
0 0.751696 0.257631 0.011143 0.011628
0 0.781492 0.299964 0.011143 0.011628
0 0.781492 0.351017 0.011143 0.011628
1 0.223474 0.230287 0.012112 0.012173
1 0.467539 0.048964 0.012112 0.012173
1 0.236192 0.148528 0.012112 0.012173
1 0.207001 0.167969 0.012112 0.012173
1 0.273983 0.173783 0.012112 0.012173
1 0.274346 0.206305 0.012112 0.012173
1 0.206638 0.205578 0.012112 0.012173
1 0.205911 0.187409 0.012112 0.012173
1 0.206516 0.13036 0.012112 0.012173
1 0.387839 0.07331 0.012112 0.012173
1 0.410489 0.021893 0.012112 0.012173
1 0.387234 0.103924 0.012839 0.012718
1 0.474201 0.269259 0.012112 0.011628
1 0.421512 0.103924 0.012112 0.011628
1 0.421875 0.130632 0.012112 0.011628
1 0.419574 0.180233 0.012112 0.011628
1 0.388566 0.180233 0.012112 0.011628
1 0.473837 0.231286 0.012112 0.011628
1 0.474564 0.25 0.012112 0.011628
1 0.257146 0.316315 0.012839 0.036337
1 0.257146 0.75972 0.012839 0.036882
1 0.25751 0.359648 0.012839 0.036882
1 0.25751 0.411246 0.012839 0.036882
1 0.257146 0.460847 0.012839 0.036882
1 0.25751 0.564044 0.012839 0.036882
1 0.25751 0.608557 0.012839 0.036882
1 0.257146 0.674328 0.012839 0.036882
1 0.256783 0.715752 0.012839 0.036882
1 0.309956 0.320403 0.012112 0.012173
1 0.522832 0.227925 0.012476 0.012173
1 0.562742 0.036882 0.024225 0.019259
1 0.585453 0.390807 0.012476 0.012718
1 0.585453 0.372275 0.012476 0.012718
1 0.618762 0.358648 0.012476 0.012718
1 0.618762 0.377362 0.012476 0.012718
1 0.619125 0.39444 0.012476 0.012718
1 0.619125 0.410065 0.012476 0.012718
1 0.619125 0.442406 0.012476 0.012718
1 0.477289 0.489916 0.011749 0.012173
1 0.411882 0.583848 0.011749 0.012173
1 0.388021 0.584121 0.012476 0.012718
1 0.256601 0.646893 0.011749 0.011083
1 0.257086 0.499182 0.011507 0.011083
1 0.257086 0.524437 0.011507 0.011083
1 0.256238 0.633267 0.011749 0.011083
1 0.491642 0.666152 0.012112 0.012173
1 0.486919 0.602017 0.012112 0.012173
1 0.585816 0.525164 0.012476 0.012173
1 0.593205 0.557413 0.012476 0.012718
1 0.659157 0.557776 0.012112 0.012718
1 0.597263 0.606377 0.022529 0.018714
1 0.636688 0.641715 0.011749 0.011628
1 0.257449 0.485556 0.011507 0.011083
1 0.270591 0.817769 0.012839 0.013081
1 0.270773 0.837936 0.012476 0.012718
1 0.450763 0.765898 0.012476 0.012173
1 0.419392 0.857831 0.012476 0.012173
1 0.418665 0.787155 0.012476 0.012173
1 0.419029 0.767351 0.012476 0.012173
1 0.449128 0.832031 0.015504 0.01617
1 0.448886 0.858103 0.012839 0.012718
1 0.522469 0.819313 0.012476 0.012173
1 0.53664 0.840843 0.012476 0.012718
1 0.575218 0.841479 0.012112 0.012173
1 0.575581 0.861283 0.012112 0.012173
1 0.679203 0.64762 0.012476 0.012173
1 0.699855 0.831486 0.012112 0.012173
1 0.723292 0.79742 0.015141 0.016715
1 0.708091 0.663427 0.015504 0.01617
1 0.780402 0.798601 0.015504 0.01617
1 0.790577 0.624182 0.015504 0.01617
1 0.755208 0.624727 0.015504 0.01617
1 0.788699 0.760265 0.015867 0.01726
1 0.68108 0.707485 0.015504 0.016715
1 0.637234 0.762264 0.012112 0.012173
1 0.679021 0.725927 0.012112 0.012173
1 0.789062 0.716297 0.015867 0.01617
1 0.788699 0.671239 0.015141 0.01726
1 0.788699 0.692496 0.015141 0.01726
1 0.930051 0.636265 0.015867 0.016715
1 0.862948 0.637718 0.015867 0.016715
1 0.695312 0.621003 0.015141 0.016715
1 0.735768 0.589571 0.012476 0.011628
1 0.782037 0.48601 0.012476 0.012718
1 0.683563 0.557867 0.012476 0.013626
1 0.747638 0.563953 0.012476 0.012718
1 0.782401 0.51944 0.012476 0.012718
1 0.782037 0.50218 0.012476 0.012718
1 0.730802 0.480378 0.011749 0.012718
1 0.755996 0.473837 0.011749 0.012718
1 0.798147 0.585847 0.012476 0.012173
1 0.930899 0.564044 0.015867 0.01508
1 0.8621 0.565134 0.015867 0.01508
1 0.8621 0.535883 0.015867 0.01508
1 0.862464 0.50754 0.015867 0.01508
1 0.93102 0.507903 0.015867 0.01508
1 0.930899 0.536791 0.015867 0.01508
1 0.833697 0.400709 0.014777 0.01508
1 0.781734 0.334302 0.012112 0.011628
1 0.477592 0.383358 0.012839 0.011628
1 0.717781 0.291152 0.012839 0.012173
1 0.692224 0.291152 0.012839 0.012173
1 0.715116 0.257631 0.012112 0.012718
1 0.781734 0.284157 0.012112 0.011628
1 0.781734 0.269077 0.012112 0.011628
1 0.835938 0.237282 0.012476 0.012718
1 0.920906 0.133812 0.014777 0.01617
1 0.921088 0.109648 0.015141 0.01617
1 0.920906 0.237555 0.014777 0.01617
1 0.921088 0.21339 0.015141 0.01617
1 0.920543 0.187046 0.014777 0.01617
1 0.921451 0.161246 0.015141 0.01617
2 0.805233 0.126453 0.023256 0.019259
1 0.778888 0.063136 0.015141 0.01508
1 0.703428 0.062318 0.015141 0.016715
1 0.787185 0.0248 0.015504 0.01617
4 0.386749 0.297783 0.061047 0.041424
4 0.373425 0.458939 0.071463 0.190044
4 0.542212 0.576853 0.062621 0.047602
4 0.563711 0.720839 0.111192 0.08085
