1 0.04875 0.632917 0.03375 0.085833
1 0.1275 0.632917 0.03625 0.085833
1 0.205 0.352917 0.0375 0.085833
1 0.339062 0.350417 0.035625 0.085833
1 0.069062 0.355417 0.034375 0.085833
1 0.140937 0.352917 0.038125 0.085833
1 0.814375 0.5575 0.03625 0.085
1 0.68375 0.6225 0.04 0.085
0 0.810312 0.344583 0.035625 0.0875
0 0.278438 0.350417 0.035625 0.0875
0 0.415938 0.350417 0.035625 0.0875
0 0.202187 0.63625 0.035625 0.0875
0 0.287813 0.63625 0.035625 0.0875
0 0.445937 0.63125 0.035625 0.0875
0 0.577812 0.627917 0.035625 0.0875
