0 0.209375 0.1225 0.0225 0.051667
0 0.428125 0.098333 0.0225 0.051667
1 0.022187 0.125833 0.024375 0.056667
1 0.062812 0.126667 0.024375 0.056667
1 0.107813 0.124167 0.024375 0.056667
1 0.160312 0.124167 0.024375 0.056667
0 0.2575 0.120833 0.0225 0.051667
0 0.4275 0.232083 0.0225 0.054167
0 0.428438 0.504583 0.024375 0.059167
0 0.429688 0.825 0.024375 0.058333
1 0.95125 0.9625 0.0375 0.075
1 0.339062 0.51125 0.025625 0.055833
1 0.340313 0.644583 0.025625 0.055833
1 0.429688 0.629583 0.025625 0.055833
1 0.950625 0.560833 0.0375 0.075
1 0.452188 0.523333 0.041875 0.118333
