0 0.123607 0.058685 0.010296 0.023256
0 0.144319 0.095294 0.007146 0.01835
0 0.184593 0.094386 0.011628 0.009629
0 0.285671 0.277253 0.012234 0.010174
0 0.382146 0.27807 0.007752 0.01944
0 0.320615 0.6369 0.011628 0.011083
0 0.320494 0.654161 0.011628 0.009629
0 0.303052 0.795876 0.012597 0.011083
0 0.221596 0.880178 0.007389 0.017987
0 0.262294 0.881086 0.007389 0.017987
0 0.700642 0.096566 0.007389 0.017987
0 0.712391 0.097111 0.007146 0.017987
0 0.582183 0.267078 0.007146 0.017442
0 0.805959 0.255723 0.006783 0.01835
0 0.826853 0.256086 0.007146 0.01835
0 0.883842 0.244459 0.007752 0.01944
0 0.711422 0.53661 0.011991 0.010719
0 0.740128 0.555142 0.011991 0.011083
0 0.817527 0.562046 0.007146 0.017987
0 0.805535 0.561682 0.007146 0.01835
0 0.572614 0.633085 0.011991 0.011083
0 0.821281 0.714935 0.007146 0.018895
0 0.792696 0.678234 0.008115 0.018895
0 0.571948 0.706577 0.012597 0.011628
0 0.86204 0.825945 0.007752 0.018895
0 0.92351 0.838481 0.007389 0.018895
0 0.861495 0.892896 0.007389 0.01835
0 0.361434 0.072856 0.030039 0.073038
0 0.717175 0.205669 0.030039 0.074128
0 0.672602 0.074855 0.030039 0.073038
0 0.393411 0.072584 0.030039 0.073583
0 0.6078 0.075491 0.030039 0.073583
0 0.640019 0.075491 0.030039 0.073583
1 0.124697 0.095658 0.007389 0.017987
5 0.123668 0.137264 0.009932 0.030705
3 0.091388 0.138263 0.010538 0.03343
1 0.143047 0.367642 0.012112 0.034702
1 0.14656 0.508358 0.00751 0.018169
0 0.141715 0.623819 0.011628 0.031432
1 0.162246 0.710029 0.008115 0.018169
1 0.161337 0.781068 0.007267 0.018895
1 0.169331 0.874092 0.007267 0.017805
1 0.185078 0.879906 0.00751 0.018169
1 0.209545 0.880178 0.00751 0.016897
1 0.217418 0.916606 0.007025 0.017805
1 0.241642 0.917151 0.007025 0.017442
1 0.833697 0.892714 0.00751 0.016897
1 0.844234 0.867369 0.012355 0.010901
1 0.845567 0.825309 0.012355 0.034702
1 0.857922 0.751908 0.007025 0.016897
1 0.845446 0.752271 0.006783 0.016897
1 0.833333 0.752725 0.007267 0.017805
1 0.833212 0.715843 0.00751 0.018532
3 0.923571 0.886083 0.01187 0.028706
1 0.735041 0.684139 0.01296 0.012173
1 0.759811 0.683866 0.01187 0.011628
1 0.678052 0.695585 0.012112 0.034339
1 0.678295 0.652707 0.01187 0.033975
1 0.678537 0.591479 0.01187 0.034339
1 0.6789 0.548238 0.012112 0.034339
2 0.711361 0.560956 0.014535 0.01617
1 0.760538 0.561228 0.00751 0.017442
1 0.829457 0.562137 0.007025 0.017442
1 0.841812 0.562137 0.007025 0.017805
1 0.854288 0.5625 0.007267 0.017805
1 0.773619 0.256359 0.007267 0.017805
1 0.838905 0.257086 0.00751 0.018532
1 0.871366 0.244913 0.00751 0.018532
1 0.757025 0.213663 0.010174 0.022166
5 0.679445 0.279706 0.010538 0.030705
3 0.707849 0.279342 0.010174 0.030342
0 0.855136 0.250454 0.012112 0.034339
3 0.585756 0.199491 0.019622 0.051235
5 0.707909 0.133448 0.011022 0.031068
5 0.708515 0.05387 0.010538 0.031795
1 0.891715 0.043241 0.014293 0.014898
2 0.536579 0.077671 0.083091 0.096475
3 0.447917 0.074945 0.051599 0.057231
4 0.334666 0.189226 0.102229 0.074673
4 0.480075 0.229379 0.130451 0.13681
1 0.326248 0.277616 0.011022 0.010538
1 0.362766 0.277798 0.011628 0.011628
1 0.362403 0.308412 0.01187 0.033975
1 0.285247 0.307867 0.01187 0.033975
1 0.325824 0.307958 0.01187 0.03343
1 0.29203 0.648347 0.022287 0.016533
4 0.309593 0.479833 0.148256 0.222384
4 0.432897 0.772438 0.174903 0.264717
4 0.219658 0.782522 0.077156 0.113735
4 0.491642 0.47311 0.148256 0.222384
2 0.651466 0.206214 0.090722 0.09048
4 0.651102 0.407976 0.096294 0.139717
4 0.491642 0.47311 0.148256 0.222384
4 0.625969 0.672693 0.031734 0.077943
4 0.627059 0.569313 0.031734 0.077943
4 0.835938 0.637809 0.045179 0.045603
4 0.755511 0.83621 0.094113 0.140443
4 0.608588 0.83621 0.094113 0.140443
4 0.818556 0.408612 0.134205 0.201308
4 0.109133 0.20476 0.026647 0.051235
4 0.109072 0.301145 0.027495 0.049964
4 0.732255 0.627544 0.034036 0.068314
4 0.295482 0.849564 0.034036 0.068314
