0 0.95125 0.251667 0.02375 0.053333
1 0.951875 0.38625 0.0275 0.060833
2 0.661563 0.5525 0.041875 0.11
0 0.344062 0.254583 0.031875 0.069167
1 0.038437 0.825833 0.035625 0.07
1 0.213438 0.26 0.034375 0.075
1 0.493437 0.689583 0.035625 0.069167
1 0.025937 0.2625 0.035625 0.075
1 0.154688 0.649167 0.035625 0.075
1 0.214688 0.646667 0.035625 0.075
1 0.274687 0.6475 0.035625 0.075
1 0.392813 0.646667 0.035625 0.075
0 0.249062 0.86 0.021875 0.058333
0 0.209687 0.860833 0.021875 0.058333
0 0.331562 0.861667 0.021875 0.058333
0 0.370937 0.860833 0.021875 0.058333
0 0.290938 0.860833 0.021875 0.058333
1 0.034063 0.639167 0.035625 0.07
0 0.0375 0.970417 0.0225 0.054167
3 0.819063 0.237083 0.085625 0.059167
3 0.047188 0.249583 0.085625 0.059167
3 0.482187 0.24375 0.085625 0.059167
3 0.650312 0.24125 0.085625 0.059167
