1 0.951875 0.180417 0.02375 0.060833
1 0.296875 0.07625 0.02375 0.060833
1 0.685625 0.45375 0.02375 0.060833
1 0.78375 0.45125 0.02375 0.060833
1 0.143125 0.924583 0.02375 0.060833
1 0.93375 0.642083 0.02375 0.060833
1 0.958125 0.382917 0.02375 0.060833
1 0.77375 0.647917 0.02375 0.060833
0 0.06375 0.924583 0.02375 0.055833
0 0.3025 0.22375 0.02375 0.055833
0 0.44125 0.204583 0.02375 0.055833
0 0.67 0.125417 0.02375 0.055833
0 0.803125 0.11875 0.02375 0.055833
0 0.874375 0.274583 0.02375 0.055833
0 0.87375 0.410417 0.02375 0.055833
0 0.673125 0.647917 0.02375 0.055833
0 0.82375 0.645417 0.02375 0.055833
0 0.56375 0.647917 0.02375 0.055833
0 0.46875 0.70625 0.02375 0.055833
0 0.401875 0.75125 0.02375 0.055833
0 0.300625 0.744583 0.02375 0.055833
4 0.381563 0.45125 0.098125 0.304167
0 0.365625 0.34125 0.11875 0.259167
3 0.793438 0.3975 0.136875 0.096667
3 0.534375 0.659167 0.0725 0.056667
0 0.701875 0.695 0.05 0.043333
