0 0.074688 0.25375 0.021875 0.054167
0 0.240625 0.248333 0.02375 0.053333
0 0.698125 0.33625 0.0225 0.054167
0 0.782813 0.24 0.025625 0.056667
0 0.05875 0.5525 0.02 0.053333
0 0.295 0.7725 0.0225 0.056667
0 0.335938 0.771667 0.021875 0.053333
0 0.41875 0.769167 0.0225 0.056667
0 0.461875 0.76875 0.0225 0.054167
1 0.378437 0.7725 0.024375 0.058333
0 0.294375 0.636667 0.0225 0.056667
0 0.337187 0.635833 0.021875 0.053333
0 0.41625 0.635 0.0225 0.056667
0 0.46 0.635417 0.0225 0.054167
1 0.705313 0.936667 0.024375 0.058333
0 0.061875 0.851667 0.02 0.051667
1 0.373437 0.247917 0.025625 0.059167
1 0.376563 0.638333 0.024375 0.058333
1 0.530312 0.245833 0.024375 0.058333
1 0.614688 0.2425 0.024375 0.058333
1 0.7675 0.69375 0.04625 0.120833
1 0.765 0.53125 0.04625 0.120833
0 0.220938 0.177917 0.041875 0.109167
1 0.881563 0.635833 0.044375 0.118333
1 0.215312 0.3825 0.045625 0.125
2 0.862187 0.943333 0.041875 0.111667
0 0.946875 0.931667 0.0775 0.128333
