4 0.759375 0.356667 0.48125 0.355
0 0.790625 0.90875 0.0225 0.055833
0 0.438125 0.43125 0.0225 0.055833
0 0.436875 0.25625 0.0225 0.055833
0 0.078125 0.267917 0.0225 0.055833
0 0.44 0.69625 0.0225 0.055833
0 0.898125 0.907083 0.0225 0.055833
0 0.578125 0.91125 0.0225 0.055833
0 0.65875 0.912083 0.0225 0.055833
0 0.435 0.135417 0.0225 0.055833
1 0.438437 0.559167 0.024375 0.058333
1 0.725938 0.911667 0.024375 0.058333
1 0.975938 0.906667 0.024375 0.058333
1 0.505313 0.825 0.024375 0.058333
1 0.018437 0.453333 0.024375 0.058333
1 0.017812 0.614167 0.024375 0.058333
1 0.149062 0.625 0.024375 0.058333
1 0.300312 0.441667 0.024375 0.058333
1 0.366563 0.863333 0.024375 0.058333
1 0.219688 0.440833 0.024375 0.058333
1 0.219688 0.6225 0.024375 0.058333
1 0.047813 0.880833 0.024375 0.058333
1 0.0475 0.724167 0.0275 0.058333
