0 0.080937 0.889167 0.031875 0.083333
0 0.639687 0.201667 0.031875 0.083333
0 0.894687 0.740833 0.031875 0.083333
0 0.737812 0.730833 0.031875 0.083333
0 0.633437 0.800833 0.031875 0.083333
0 0.484687 0.886667 0.031875 0.083333
0 0.314688 0.883333 0.031875 0.083333
1 0.1575 0.886667 0.03875 0.085
4 0.170937 0.538333 0.196875 0.211667
0 0.101875 0.244583 0.06375 0.045833
0 0.049688 0.922083 0.035625 0.100833
0 0.207813 0.9125 0.035625 0.088333
0 0.286875 0.910833 0.03375 0.085
1 0.122188 0.912083 0.040625 0.094167
