1 0.04125 0.17875 0.0375 0.074167
1 0.389688 0.221667 0.025625 0.058333
1 0.104063 0.177083 0.035625 0.0725
1 0.162812 0.175417 0.035625 0.0725
1 0.286562 0.180417 0.035625 0.0725
1 0.656875 0.133333 0.0275 0.058333
1 0.566875 0.133333 0.0275 0.058333
1 0.61375 0.1325 0.0275 0.058333
1 0.257812 0.928333 0.038125 0.075
1 0.254063 0.568333 0.038125 0.075
1 0.60375 0.930833 0.0375 0.075
1 0.451875 0.932083 0.0375 0.074167
1 0.525625 0.93125 0.0375 0.0725
1 0.885625 0.405 0.03625 0.076667
1 0.6025 0.56375 0.04 0.0775
1 0.445 0.562917 0.04 0.0775
1 0.524375 0.561667 0.0375 0.076667
0 0.121563 0.93 0.031875 0.07
0 0.466562 0.135417 0.020625 0.055833
0 0.704063 0.13375 0.020625 0.055833
0 0.840313 0.130417 0.020625 0.055833
0 0.894687 0.12875 0.020625 0.055833
0 0.743437 0.37875 0.020625 0.055833
0 0.117813 0.572083 0.030625 0.0725
0 0.31875 0.703333 0.15625 0.123333
1 0.13 0.685 0.02625 0.056667
1 0.06375 0.6875 0.02625 0.056667
1 0.530312 0.722083 0.035625 0.0775
