0 0.3125 0.078333 0.09125 0.061667
0 0.310937 0.726667 0.093125 0.063333
0 0.3125 0.818333 0.09125 0.063333
0 0.311563 0.358333 0.093125 0.063333
0 0.310625 0.45 0.09125 0.063333
0 0.709375 0.907917 0.0475 0.035833
0 0.708125 0.6325 0.04875 0.038333
1 0.554375 0.562083 0.0475 0.039167
1 0.5525 0.49375 0.0475 0.039167
1 0.709063 0.814583 0.049375 0.039167
1 0.709063 0.744583 0.049375 0.039167
1 0.5525 0.83875 0.0525 0.129167
1 0.70875 0.493333 0.04875 0.038333
4 0.341875 0.687917 0.535 0.504167
1 0.815 0.444167 0.09 0.063333
1 0.816875 0.67 0.09 0.063333
1 0.819375 0.871667 0.09 0.063333
1 0.900312 0.6675 0.024375 0.058333
1 0.902188 0.86875 0.025625 0.060833
0 0.902188 0.98125 0.040625 0.034167
