4 0.393125 0.747083 0.17625 0.474167
0 0.165313 0.131667 0.029375 0.065
0 0.340938 0.130833 0.028125 0.065
0 0.643125 0.273333 0.03 0.065
0 0.713125 0.274167 0.03 0.065
0 0.925625 0.55875 0.04875 0.039167
0 0.659375 0.62875 0.04875 0.0375
0 0.234375 0.3925 0.04875 0.036667
1 0.631875 0.055417 0.03125 0.0725
1 0.872188 0.417083 0.050625 0.125833
1 0.874062 0.134583 0.050625 0.125833
1 0.872812 0.275417 0.050625 0.125833
1 0.817187 0.559167 0.061875 0.055
1 0.65875 0.721667 0.05 0.041667
1 0.658125 0.791667 0.04875 0.04
5 0.091563 0.247917 0.078125 0.0475
3 0.090938 0.414167 0.078125 0.043333
5 0.749687 0.4125 0.084375 0.05
5 0.516563 0.409167 0.084375 0.05
0 0.297812 0.460417 0.210625 0.1625
0 0.680312 0.19625 0.210625 0.1625
0 0.624062 0.364583 0.045625 0.034167
0 0.622188 0.435417 0.045625 0.034167
1 0.284375 0.693333 0.05875 0.048333
1 0.163438 0.790417 0.045625 0.0375
0 0.16375 0.977917 0.04375 0.0325
