0 0.122941 0.057504 0.00969 0.023074
0 0.143774 0.09375 0.007267 0.018169
0 0.183987 0.092932 0.01187 0.009266
0 0.285126 0.276344 0.01187 0.010901
0 0.382389 0.277253 0.007267 0.017805
0 0.361313 0.07222 0.03125 0.075036
0 0.393471 0.07222 0.030402 0.075036
0 0.141049 0.623274 0.011022 0.031068
0 0.320191 0.637264 0.011265 0.009629
0 0.320252 0.654978 0.01187 0.010538
0 0.302568 0.796148 0.012112 0.010538
0 0.221051 0.880632 0.006783 0.017805
0 0.261749 0.881541 0.007025 0.017442
0 0.717599 0.205033 0.029433 0.07649
0 0.607498 0.075127 0.029433 0.07649
0 0.640443 0.074037 0.029433 0.07649
0 0.673026 0.073674 0.029433 0.07649
0 0.701248 0.095113 0.007146 0.017987
0 0.712936 0.095658 0.006783 0.017987
0 0.827459 0.254996 0.007146 0.017987
0 0.806928 0.254451 0.006783 0.016897
0 0.856044 0.249182 0.011991 0.032522
0 0.582243 0.265988 0.006783 0.018895
0 0.712028 0.536337 0.011991 0.010174
0 0.740734 0.554506 0.011991 0.011628
0 0.818314 0.561228 0.006783 0.017442
0 0.805959 0.561228 0.006783 0.017442
0 0.572674 0.632812 0.011628 0.011628
0 0.572069 0.706123 0.011628 0.011083
0 0.793241 0.677689 0.007752 0.018895
0 0.822069 0.714844 0.006783 0.01835
0 0.863009 0.825672 0.007752 0.01835
0 0.862464 0.893259 0.007389 0.017987
0 0.924237 0.838754 0.008358 0.01944
0 0.884508 0.242914 0.007146 0.018895
3 0.926114 0.034702 0.012597 0.03343
3 0.924964 0.887991 0.01296 0.032522
1 0.123668 0.094658 0.007752 0.018895
5 0.122941 0.136446 0.010174 0.03234
3 0.090601 0.13681 0.010174 0.03234
4 0.108648 0.203579 0.029554 0.052871
4 0.331698 0.188318 0.101139 0.074673
1 0.326308 0.27689 0.011628 0.010538
1 0.362766 0.277071 0.012112 0.010901
1 0.142563 0.366915 0.012355 0.033975
1 0.362161 0.307504 0.012355 0.033975
1 0.325339 0.307504 0.012355 0.033975
4 0.108103 0.30069 0.029918 0.050872
1 0.284641 0.30714 0.012355 0.033975
1 0.146318 0.507631 0.00751 0.018532
4 0.307352 0.478924 0.154191 0.226744
1 0.291969 0.648801 0.02265 0.018169
4 0.21978 0.781704 0.074734 0.1121
1 0.160853 0.781432 0.00751 0.018895
1 0.168726 0.874092 0.00751 0.018532
1 0.18423 0.880451 0.00751 0.018532
1 0.208939 0.880723 0.007752 0.016897
1 0.217175 0.917333 0.007025 0.017805
1 0.241279 0.917605 0.00751 0.016897
3 0.44725 0.074491 0.054627 0.058503
4 0.479833 0.229015 0.134811 0.140807
3 0.586059 0.198129 0.020712 0.056504
5 0.708697 0.131268 0.012597 0.031068
5 0.708212 0.052235 0.012597 0.031068
3 0.708333 0.278161 0.012355 0.02907
5 0.679506 0.278525 0.012355 0.02907
4 0.491461 0.472202 0.150073 0.226017
4 0.651163 0.407158 0.094961 0.142078
4 0.626756 0.673056 0.032582 0.078307
4 0.627241 0.56895 0.032582 0.078307
1 0.6789 0.69504 0.012355 0.034339
1 0.679264 0.547874 0.012355 0.034339
1 0.679021 0.59057 0.012355 0.034339
1 0.678779 0.651799 0.012355 0.034339
1 0.73595 0.68314 0.012597 0.011628
1 0.760477 0.683412 0.013203 0.012536
4 0.433079 0.773165 0.174297 0.264717
4 0.755996 0.838209 0.096294 0.14444
4 0.608588 0.837845 0.096294 0.14444
1 0.892381 0.041969 0.013929 0.014535
1 0.757389 0.212664 0.00969 0.020894
1 0.872335 0.243278 0.007267 0.017805
1 0.839632 0.255451 0.00751 0.018532
1 0.77374 0.254633 0.007025 0.016897
4 0.818677 0.408794 0.133479 0.200218
1 0.761265 0.560956 0.007752 0.016897
1 0.842539 0.561228 0.007267 0.018169
1 0.830426 0.561228 0.007267 0.018169
1 0.855136 0.561592 0.006783 0.017442
4 0.837149 0.637718 0.044937 0.047965
1 0.833939 0.751817 0.007025 0.018532
1 0.834545 0.715116 0.007025 0.018532
1 0.846294 0.751363 0.007267 0.016897
1 0.858769 0.751635 0.007025 0.017442
1 0.846112 0.825309 0.01296 0.034702
1 0.84484 0.867278 0.012597 0.012173
1 0.834908 0.892896 0.007752 0.016533
4 0.294513 0.850291 0.033794 0.069041
4 0.732013 0.626635 0.034763 0.071584
