4 0.246562 0.91 0.144375 0.155
5 0.613125 0.944583 0.03875 0.1075
0 0.071875 0.4775 0.04625 0.036667
0 0.121563 0.127083 0.029375 0.0675
0 0.053125 0.127917 0.02875 0.065833
0 0.3325 0.405417 0.0475 0.035833
0 0.681875 0.145 0.02875 0.065
0 0.73375 0.144167 0.0275 0.063333
0 0.858125 0.494167 0.04875 0.036667
0 0.977812 0.4925 0.044375 0.038333
0 0.701875 0.730833 0.09625 0.061667
0 0.700625 0.821667 0.09125 0.063333
1 0.395 0.85875 0.08 0.204167
0 0.070625 0.826667 0.07625 0.128333
5 0.4725 0.61625 0.03875 0.1075
1 0.281875 0.125833 0.05125 0.128333
1 0.280625 0.268333 0.0525 0.125
1 0.544063 0.102083 0.049375 0.040833
1 0.735313 0.289583 0.031875 0.0675
1 0.419063 0.404583 0.049375 0.039167
1 0.227187 0.406667 0.060625 0.055
1 0.073125 0.569583 0.0475 0.040833
1 0.075 0.6375 0.04875 0.038333
1 0.509062 0.78125 0.039375 0.080833
1 0.509375 0.96375 0.04125 0.070833
0 0.272813 0.218333 0.051875 0.045
0 0.373125 0.105 0.04375 0.03
1 0.37375 0.219167 0.04625 0.036667
3 0.489687 0.39625 0.078125 0.045833
5 0.491563 0.22 0.080625 0.053333
4 0.677188 0.295417 0.131875 0.135833
