4 0.139063 0.65625 0.126875 0.250833
4 0.47375 0.662083 0.12625 0.244167
4 0.8675 0.723333 0.17625 0.468333
0 0.028438 0.930417 0.046875 0.125833
0 0.271562 0.907083 0.059375 0.0525
0 0.204375 0.11 0.03 0.065
0 0.289687 0.1125 0.050625 0.04
0 0.450625 0.10875 0.03125 0.0675
1 0.030625 0.15875 0.03125 0.069167
1 0.03 0.299167 0.03125 0.066667
1 0.240625 0.392083 0.03125 0.064167
1 0.714063 0.29875 0.054375 0.129167
1 0.715625 0.0525 0.05375 0.105
1 0.063437 0.23 0.091875 0.063333
1 0.187812 0.230833 0.091875 0.063333
2 0.150625 0.417917 0.0375 0.0775
0 0.221562 0.4175 0.025625 0.063333
0 0.168437 0.582917 0.024375 0.059167
1 0.152812 0.700833 0.045625 0.035
0 0.1525 0.960833 0.04375 0.03
5 0.962812 0.228333 0.074375 0.05
3 0.960938 0.394583 0.078125 0.045833
