0 0.081759 0.156068 0.013081 0.011991
0 0.081274 0.232558 0.013324 0.011628
0 0.081153 0.309139 0.013081 0.011083
0 0.178355 0.666697 0.023135 0.019077
0 0.178597 0.462482 0.023377 0.017987
0 0.178113 0.487555 0.023377 0.019077
0 0.178597 0.564408 0.024104 0.017987
0 0.178779 0.590025 0.02374 0.019077
0 0.235102 0.130905 0.007994 0.017987
0 0.398559 0.125363 0.008358 0.019985
0 0.205184 0.060865 0.007752 0.018532
0 0.218023 0.061137 0.007994 0.019077
0 0.234981 0.060865 0.007752 0.018532
0 0.324794 0.061682 0.012718 0.011083
0 0.375545 0.067951 0.007389 0.018532
0 0.299176 0.100109 0.007752 0.018532
0 0.179324 0.258267 0.023377 0.017987
0 0.179203 0.283339 0.023377 0.019077
0 0.179324 0.360193 0.024104 0.017987
0 0.178779 0.385265 0.02374 0.019077
0 0.179082 0.181595 0.023135 0.019077
0 0.293847 0.744095 0.012355 0.011083
0 0.3664 0.750454 0.007752 0.019077
0 0.400315 0.711937 0.007994 0.019077
0 0.357437 0.935592 0.013081 0.011083
0 0.306262 0.923601 0.014414 0.036156
0 0.387294 0.980196 0.012718 0.011991
0 0.41273 0.98056 0.012718 0.011628
0 0.464511 0.138536 0.007994 0.019077
0 0.490189 0.138626 0.007752 0.018532
0 0.524225 0.138536 0.007752 0.019077
0 0.523861 0.094113 0.007025 0.018532
0 0.536943 0.138626 0.007752 0.018532
0 0.562197 0.068496 0.007389 0.018532
0 0.575097 0.069313 0.007752 0.019077
0 0.591994 0.062773 0.012718 0.011083
0 0.727592 0.088481 0.007752 0.019622
0 0.630148 0.705487 0.012718 0.011628
0 0.689862 0.782613 0.008358 0.019077
0 0.583091 0.788608 0.007752 0.017987
0 0.536701 0.757267 0.007994 0.018532
0 0.519985 0.712028 0.007752 0.019622
0 0.536519 0.813953 0.007389 0.018532
0 0.464208 0.852834 0.012718 0.011991
0 0.536579 0.858739 0.007752 0.019077
0 0.536398 0.923601 0.007389 0.019077
0 0.514898 0.980287 0.012355 0.011083
0 0.476744 0.980832 0.013081 0.011083
0 0.634508 0.865189 0.012718 0.011628
0 0.672359 0.922783 0.013081 0.011628
0 0.634508 0.884629 0.012718 0.011628
0 0.701914 0.9871 0.007752 0.018532
0 0.672359 0.993641 0.012355 0.010538
0 0.719053 0.980741 0.012718 0.011991
0 0.774285 0.865734 0.012718 0.011628
0 0.812621 0.807685 0.007752 0.019077
0 0.812621 0.744186 0.007752 0.018532
0 0.860889 0.907885 0.012718 0.011628
0 0.960392 0.744459 0.007025 0.019077
0 0.959969 0.235374 0.007389 0.019077
0 0.959908 0.362464 0.007994 0.018532
0 0.905342 0.186137 0.023377 0.019077
0 0.906795 0.566951 0.023377 0.019077
0 0.906553 0.592751 0.023135 0.019077
0 0.904373 0.263717 0.023377 0.019077
0 0.90522 0.288427 0.023135 0.019077
0 0.905463 0.363645 0.023377 0.019077
0 0.905584 0.389444 0.023135 0.019077
0 0.906432 0.465025 0.023377 0.019077
0 0.906553 0.490825 0.023135 0.019077
0 0.907158 0.669241 0.023135 0.019077
0 0.960332 0.617097 0.008358 0.019077
0 0.96015 0.489826 0.007994 0.018532
1 0.171088 0.055142 0.013687 0.011083
1 0.120397 0.1756 0.01405 0.036156
1 0.120579 0.251999 0.013687 0.03561
1 0.081395 0.188408 0.012355 0.011628
1 0.081214 0.207485 0.012718 0.011628
1 0.08079 0.257812 0.012355 0.011991
1 0.081153 0.277525 0.012355 0.011083
1 0.260417 0.131541 0.007994 0.018532
1 0.27374 0.132086 0.007752 0.018532
1 0.320312 0.1379 0.024104 0.019985
1 0.319707 0.099746 0.024104 0.019985
1 0.354469 0.099746 0.024104 0.019985
1 0.354106 0.137355 0.024104 0.019985
1 0.417696 0.125454 0.024104 0.019077
1 0.431141 0.068768 0.024104 0.019077
1 0.400921 0.069041 0.007994 0.019622
1 0.386507 0.12609 0.007752 0.018532
1 0.443435 0.132903 0.007994 0.019077
1 0.081214 0.347747 0.012718 0.011991
1 0.119368 0.328125 0.012718 0.011991
1 0.119731 0.347202 0.012718 0.011991
1 0.319101 0.744004 0.012718 0.011991
1 0.332001 0.846112 0.013081 0.011628
1 0.357437 0.807413 0.013081 0.011628
1 0.357437 0.82649 0.013081 0.011628
1 0.357255 0.846384 0.012718 0.011083
1 0.267684 0.980741 0.013081 0.011991
1 0.246306 0.987736 0.008358 0.019077
1 0.532703 0.063045 0.013324 0.011628
1 0.613069 0.10129 0.012718 0.011083
0 0.574915 0.138899 0.007389 0.017987
1 0.612888 0.139717 0.007752 0.018532
1 0.638445 0.139717 0.007994 0.019622
1 0.672117 0.138808 0.024467 0.019985
1 0.663396 0.063227 0.024467 0.019985
1 0.705911 0.101381 0.024467 0.019985
1 0.70688 0.138808 0.024467 0.019985
1 0.441982 0.711119 0.024467 0.019622
1 0.46875 0.711664 0.024467 0.019622
1 0.417636 0.712573 0.007752 0.018532
1 0.617248 0.756359 0.024467 0.019622
1 0.659944 0.70585 0.013687 0.011991
1 0.558018 0.884811 0.013081 0.03561
1 0.557655 0.750727 0.013081 0.03561
1 0.558018 0.794876 0.013081 0.03561
1 0.558018 0.839571 0.013081 0.03561
1 0.595809 0.865643 0.012355 0.012536
1 0.446887 0.986555 0.024104 0.019622
1 0.502846 0.711937 0.008358 0.019077
1 0.790455 0.909975 0.013081 0.011083
1 0.812076 0.954669 0.023377 0.019077
1 0.799358 0.871457 0.023377 0.019077
1 0.900921 0.897166 0.013324 0.03561
1 0.960453 0.78879 0.008358 0.020531
1 0.960029 0.661428 0.007752 0.020531
1 0.960392 0.534975 0.007752 0.021621
1 0.960029 0.407158 0.007752 0.019622
1 0.959787 0.279978 0.007752 0.019985
4 0.216873 0.859193 0.101381 0.148983
4 0.615431 0.958939 0.031492 0.081759
4 0.87173 0.764353 0.04312 0.130451
4 0.761022 0.76399 0.04312 0.130451
