0 0.244375 0.05125 0.09 0.0625
0 0.386562 0.075 0.050625 0.041667
0 0.877188 0.057083 0.048125 0.114167
0 0.892813 0.58875 0.028125 0.064167
4 0.451875 0.59625 0.12375 0.190833
4 0.72875 0.632083 0.1125 0.194167
4 0.926875 0.36375 0.065 0.059167
1 0.246875 0.283333 0.0925 0.066667
1 0.246875 0.169167 0.0925 0.066667
1 0.3 0.377917 0.05375 0.039167
1 0.405 0.448333 0.0525 0.041667
1 0.299375 0.448333 0.0525 0.041667
1 0.509375 0.353333 0.05 0.04
1 0.508437 0.4475 0.051875 0.04
1 0.702187 0.378333 0.033125 0.066667
1 0.647813 0.378333 0.033125 0.066667
1 0.804688 0.355417 0.029375 0.069167
1 0.978437 0.124583 0.043125 0.130833
4 0.795625 0.245417 0.12375 0.245833
0 0.572187 0.164167 0.045625 0.031667
1 0.060625 0.242083 0.04625 0.034167
1 0.464687 0.235 0.048125 0.036667
1 0.571562 0.235833 0.048125 0.036667
1 0.465313 0.305833 0.048125 0.036667
1 0.465313 0.376667 0.048125 0.036667
1 0.253125 0.307083 0.09375 0.064167
1 0.13375 0.302083 0.02625 0.064167
0 0.058438 0.400417 0.045625 0.0325
0 0.251875 0.399583 0.04625 0.0325
0 0.218125 0.755417 0.04625 0.034167
3 0.076875 0.758333 0.08625 0.063333
