0 0.242854 0.298328 0.007025 0.017078
0 0.322977 0.211119 0.012718 0.010538
0 0.134205 0.953398 0.010659 0.023074
0 0.283309 0.297511 0.007025 0.017624
0 0.590661 0.112645 0.011749 0.010538
0 0.590419 0.039698 0.011991 0.011083
0 0.810744 0.076762 0.007389 0.017987
0 0.839995 0.112918 0.007025 0.017987
0 0.882389 0.22193 0.007994 0.017987
0 0.882873 0.289153 0.007025 0.017987
0 0.159278 0.044876 0.011386 0.031613
1 0.180717 0.129815 0.007994 0.017624
1 0.181444 0.201762 0.007994 0.019077
1 0.190286 0.294059 0.007752 0.019077
1 0.206395 0.300236 0.007752 0.019077
1 0.230681 0.299146 0.007389 0.017987
1 0.23922 0.334666 0.007752 0.018532
1 0.263203 0.333939 0.007752 0.018532
1 0.159702 0.538245 0.007389 0.019077
1 0.150799 0.953943 0.007752 0.020167
3 0.194162 0.953125 0.020107 0.018532
1 0.696281 0.055505 0.012718 0.034702
1 0.696524 0.098474 0.012718 0.034157
1 0.753452 0.084302 0.013445 0.011991
1 0.777919 0.084302 0.012718 0.011991
1 0.855136 0.290243 0.007752 0.017987
1 0.864826 0.264353 0.013081 0.010538
1 0.865976 0.222384 0.012718 0.034157
1 0.852108 0.114281 0.007752 0.019622
1 0.852471 0.150436 0.007752 0.018532
1 0.864886 0.149346 0.007389 0.018532
1 0.877301 0.149073 0.007994 0.019077
4 0.240552 0.19931 0.077035 0.113009
4 0.122638 0.836937 0.030644 0.051417
4 0.121427 0.690861 0.030644 0.051417
4 0.122032 0.763717 0.030644 0.051417
4 0.604591 0.906977 0.048571 0.053052
4 0.452398 0.183685 0.177326 0.265262
4 0.689256 0.90089 0.082485 0.063408
4 0.429142 0.908975 0.044089 0.046512
4 0.349867 0.907249 0.082485 0.063408
4 0.270167 0.911882 0.048571 0.053052
4 0.508297 0.904706 0.082485 0.063408
3 0.944949 0.28234 0.011507 0.031613
3 0.950157 0.771984 0.011507 0.028343
3 0.948704 0.651254 0.011507 0.032885
3 0.947856 0.527525 0.011507 0.030342
3 0.946281 0.40516 0.011507 0.031613
0 0.943738 0.232831 0.007631 0.017624
4 0.629239 0.239826 0.092054 0.137355
4 0.776284 0.237282 0.092054 0.137355
4 0.644622 0.078034 0.031008 0.077217
4 0.854046 0.03552 0.044089 0.045603
2 0.223171 0.947129 0.009569 0.022529
4 0.315891 0.265171 0.034399 0.067406
2 0.566558 0.934775 0.009569 0.021439
