4 0.242812 0.165417 0.485625 0.330833
1 0.601562 0.975417 0.049375 0.040833
1 0.602187 0.41625 0.049375 0.040833
1 0.602187 0.882083 0.049375 0.040833
0 0.121875 0.511667 0.0475 0.038333
0 0.225 0.512917 0.0475 0.035833
0 0.41875 0.53375 0.04625 0.034167
0 0.551875 0.51375 0.04875 0.039167
0 0.60125 0.247083 0.04875 0.039167
0 0.654687 0.065 0.024375 0.058333
0 0.89125 0.287917 0.0425 0.0325
0 0.89125 0.51125 0.04375 0.0325
1 0.890938 0.579583 0.045625 0.0325
1 0.892188 0.713333 0.044375 0.031667
1 0.874375 0.802083 0.04875 0.0325
1 0.619062 0.850417 0.048125 0.034167
1 0.42125 0.85125 0.04375 0.034167
0 0.185938 0.964167 0.080625 0.053333
4 0.620938 0.516667 0.304375 0.403333
