0 0.260313 0.045833 0.058125 0.051667
0 0.262188 0.397917 0.100625 0.0675
0 0.648438 0.397083 0.093125 0.064167
0 0.75375 0.28375 0.05 0.0375
0 0.8775 0.354167 0.05 0.036667
0 0.978125 0.353333 0.0425 0.041667
0 0.03375 0.609583 0.03 0.069167
1 0.125938 0.142083 0.055625 0.129167
1 0.262813 0.211667 0.031875 0.071667
1 0.474062 0.192917 0.033125 0.074167
1 0.525312 0.400417 0.055625 0.0425
1 0.84125 0.214167 0.05375 0.041667
4 0.070938 0.38375 0.064375 0.0575
5 0.366875 0.19625 0.0475 0.1175
4 0.924375 0.705417 0.11625 0.1925
0 0.141875 0.08875 0.0425 0.029167
0 0.141563 0.157917 0.044375 0.0325
1 0.142813 0.231667 0.045625 0.036667
1 0.14125 0.371667 0.04625 0.035
1 0.143125 0.3 0.04625 0.035
