0 0.338125 0.095417 0.04875 0.035833
0 0.46 0.07 0.02875 0.065
0 0.53 0.048333 0.0475 0.038333
0 0.530937 0.117083 0.049375 0.039167
2 0.515625 0.18125 0.0625 0.054167
0 0.533125 0.302083 0.0475 0.035833
0 0.620625 0.3975 0.04875 0.038333
0 0.64 0.654167 0.09125 0.063333
0 0.865625 0.60625 0.04625 0.035833
0 0.34 0.492917 0.0475 0.039167
0 0.375625 0.679167 0.0475 0.036667
0 0.339375 0.23625 0.04875 0.039167
1 0.053437 0.762083 0.029375 0.065833
1 0.199063 0.67125 0.030625 0.065833
1 0.291563 0.84125 0.050625 0.129167
1 0.55375 0.95625 0.0525 0.039167
1 0.690312 0.865 0.029375 0.068333
1 0.742812 0.863333 0.030625 0.068333
1 0.743437 0.7225 0.030625 0.065
1 0.8475 0.4175 0.09625 0.07
4 0.10625 0.369167 0.1275 0.296667
4 0.719375 0.16 0.115 0.185
0 0.38125 0.712083 0.0225 0.060833
0 0.383437 0.935417 0.044375 0.0325
2 0.32625 0.287917 0.23875 0.494167
