0 0.289668 0.079578 0.012718 0.011628
0 0.361797 0.086119 0.007994 0.019622
0 0.395833 0.04742 0.007752 0.018532
0 0.3535 0.27044 0.012718 0.011083
0 0.302689 0.257086 0.01405 0.036701
0 0.460211 0.188045 0.011991 0.011628
0 0.532219 0.149164 0.007025 0.018532
0 0.53234 0.092478 0.007752 0.018532
0 0.514717 0.048056 0.007389 0.017987
0 0.624879 0.041152 0.012355 0.011083
0 0.578367 0.123547 0.007025 0.018532
0 0.629784 0.200036 0.012718 0.011628
0 0.630027 0.219477 0.011991 0.010538
0 0.532401 0.193314 0.007389 0.018532
0 0.532401 0.257631 0.007389 0.018532
0 0.383479 0.314862 0.013081 0.011628
0 0.408915 0.315134 0.013081 0.011083
0 0.472929 0.314862 0.012718 0.011628
0 0.511143 0.314589 0.012355 0.011083
0 0.49025 0.359557 0.007389 0.019622
0 0.451672 0.397802 0.007752 0.019077
0 0.434956 0.397529 0.007752 0.018532
0 0.332607 0.435956 0.012355 0.011083
0 0.443314 0.467569 0.007752 0.019077
0 0.48595 0.468114 0.007994 0.019077
0 0.528343 0.468114 0.007994 0.019077
0 0.528222 0.531432 0.007752 0.018532
0 0.485889 0.531977 0.007389 0.018532
0 0.345325 0.531704 0.007752 0.019077
0 0.306444 0.532703 0.012355 0.011991
0 0.277132 0.487464 0.007752 0.019622
0 0.285853 0.532249 0.007752 0.019077
0 0.123304 0.69286 0.013081 0.011083
0 0.089026 0.75754 0.022771 0.019077
0 0.123365 0.7629 0.012718 0.011628
0 0.242975 0.756268 0.012355 0.033612
0 0.302447 0.749546 0.015019 0.01508
0 0.422057 0.813772 0.012718 0.011991
0 0.494792 0.79415 0.013081 0.011991
0 0.477471 0.832122 0.013081 0.011991
0 0.452035 0.832485 0.012355 0.011628
0 0.507631 0.832667 0.022771 0.019985
0 0.53767 0.83185 0.012355 0.011083
0 0.60556 0.819586 0.019743 0.036701
0 0.605984 0.761537 0.01938 0.035065
0 0.605075 0.666061 0.012718 0.011628
0 0.601078 0.569858 0.007389 0.019077
0 0.617975 0.569586 0.007752 0.018532
0 0.502968 0.602471 0.012718 0.011991
0 0.396439 0.844749 0.02374 0.017987
0 0.302507 0.845567 0.023135 0.018532
0 0.246972 0.903343 0.007752 0.019622
4 0.255572 0.841751 0.016715 0.017078
0 0.563166 0.877725 0.023377 0.018532
0 0.617854 0.85774 0.012355 0.011628
0 0.685017 0.117188 0.007389 0.018532
0 0.769925 0.199764 0.012718 0.011083
0 0.807897 0.142624 0.007752 0.018532
0 0.807352 0.079033 0.007389 0.018532
0 0.85671 0.241733 0.012355 0.011083
0 0.667938 0.257358 0.012718 0.011083
0 0.955669 0.079851 0.007752 0.019077
0 0.715056 0.315134 0.011991 0.011083
0 0.697917 0.320858 0.007994 0.018532
0 0.715237 0.333666 0.012355 0.011083
0 0.668362 0.327217 0.012355 0.010538
0 0.668544 0.365825 0.011991 0.011083
0 0.715601 0.383903 0.012355 0.011628
0 0.736858 0.410429 0.012718 0.011991
0 0.668544 0.435956 0.011991 0.011083
0 0.677083 0.486919 0.012355 0.011628
0 0.74134 0.480378 0.023135 0.018532
0 0.796148 0.467569 0.012355 0.011083
0 0.825581 0.467478 0.012355 0.011991
0 0.850836 0.467024 0.011991 0.011083
0 0.846839 0.409793 0.007389 0.019077
0 0.85992 0.40943 0.007389 0.019077
0 0.872275 0.410338 0.007389 0.019077
0 0.884811 0.40952 0.007752 0.018532
0 0.753755 0.575854 0.007752 0.019077
0 0.766473 0.575854 0.007752 0.017987
0 0.668726 0.646711 0.012355 0.011083
0 0.825945 0.671148 0.012355 0.011991
0 0.851199 0.671512 0.011991 0.010538
0 0.898195 0.67778 0.011749 0.011083
0 0.930051 0.672602 0.011991 0.011628
0 0.941982 0.600472 0.012355 0.011991
0 0.796512 0.671512 0.012355 0.010538
0 0.758539 0.735647 0.023377 0.018532
0 0.758055 0.761265 0.023135 0.018532
0 0.68641 0.825581 0.012355 0.011628
1 0.315104 0.079851 0.012718 0.011083
1 0.328609 0.181504 0.013081 0.011991
1 0.353319 0.14335 0.013081 0.011991
1 0.353319 0.162427 0.013081 0.011991
1 0.353319 0.18214 0.013081 0.011083
1 0.413275 0.048238 0.007752 0.019077
1 0.46439 0.047965 0.024467 0.019622
1 0.437984 0.047965 0.024467 0.019622
1 0.498183 0.047693 0.007752 0.019077
1 0.553779 0.219658 0.013081 0.03561
1 0.553416 0.086119 0.013081 0.03561
1 0.553779 0.130814 0.013081 0.03561
1 0.553779 0.174964 0.013081 0.03561
1 0.264414 0.315316 0.013081 0.012536
1 0.479167 0.368732 0.007994 0.019077
1 0.410005 0.583757 0.013081 0.03561
1 0.243702 0.360465 0.013081 0.03561
1 0.243096 0.322584 0.007994 0.019077
1 0.242733 0.404887 0.007994 0.019077
1 0.55384 0.365734 0.023377 0.019985
1 0.443132 0.321221 0.023377 0.019985
1 0.519683 0.359193 0.023377 0.019985
1 0.55384 0.321403 0.012718 0.011628
1 0.383297 0.334575 0.011991 0.011083
1 0.415758 0.347384 0.012718 0.011628
1 0.410247 0.379542 0.013324 0.011628
1 0.268774 0.360465 0.013081 0.03561
1 0.384205 0.365552 0.013081 0.03561
1 0.408975 0.410974 0.012718 0.011991
1 0.328064 0.462028 0.012718 0.011991
1 0.387779 0.456486 0.008358 0.019077
1 0.315891 0.494004 0.024467 0.019622
1 0.409641 0.44931 0.013081 0.03561
1 0.409641 0.512536 0.013081 0.03561
1 0.294574 0.609738 0.007994 0.018532
1 0.242975 0.583485 0.007752 0.017987
1 0.243156 0.506904 0.007389 0.019622
1 0.243156 0.545058 0.007389 0.019622
1 0.089268 0.819677 0.022045 0.019077
1 0.088905 0.788608 0.022045 0.019077
1 0.101986 0.845839 0.013324 0.011083
1 0.153343 0.865189 0.012355 0.011628
1 0.102108 0.865734 0.012355 0.011628
1 0.127907 0.865189 0.012355 0.011628
1 0.187258 0.846112 0.007994 0.019622
1 0.200339 0.846657 0.008721 0.019622
1 0.153525 0.839299 0.012718 0.011083
1 0.226017 0.839844 0.007994 0.019077
1 0.269198 0.775436 0.012718 0.036701
1 0.303234 0.794513 0.008358 0.019622
1 0.353803 0.788336 0.008721 0.019622
1 0.366945 0.845022 0.012718 0.011628
1 0.443435 0.794241 0.013324 0.011083
1 0.520409 0.793605 0.012718 0.011991
1 0.567284 0.793423 0.012718 0.011628
1 0.528888 0.876363 0.013687 0.011083
5 0.119004 0.653616 0.011991 0.035065
5 0.328246 0.790425 0.013081 0.034702
1 0.612524 0.091751 0.024467 0.019985
1 0.654797 0.041424 0.013324 0.011628
1 0.7953 0.206214 0.024709 0.019985
1 0.897166 0.232286 0.013081 0.035065
1 0.955426 0.124455 0.007752 0.021076
1 0.786458 0.244822 0.013081 0.011083
1 0.808018 0.289517 0.024709 0.019077
1 0.591449 0.201126 0.012355 0.011991
1 0.633721 0.484466 0.007994 0.019077
1 0.598353 0.509993 0.007994 0.019622
1 0.656492 0.608739 0.013324 0.036156
1 0.791788 0.416788 0.02374 0.019985
1 0.935138 0.416788 0.012718 0.011628
1 0.941618 0.454488 0.012355 0.011083
1 0.941618 0.525073 0.013081 0.010538
4 0.891533 0.461573 0.011749 0.023074
1 0.766473 0.614644 0.007994 0.018532
1 0.766594 0.49891 0.007994 0.018532
1 0.753149 0.538517 0.007994 0.018532
1 0.720506 0.563227 0.013687 0.011991
1 0.766473 0.537427 0.007994 0.018532
1 0.656492 0.531886 0.013324 0.036156
1 0.656492 0.570585 0.013324 0.036156
1 0.642926 0.647257 0.015019 0.01508
1 0.689922 0.646621 0.013324 0.011991
1 0.605317 0.691588 0.012718 0.012536
1 0.604954 0.710029 0.012718 0.011628
1 0.942163 0.645621 0.012718 0.011083
1 0.9418 0.773438 0.012718 0.010538
1 0.941982 0.798601 0.013081 0.011083
5 0.702519 0.703761 0.012355 0.032158
5 0.736676 0.795149 0.012355 0.032158
1 0.610223 0.94077 0.038517 0.02907
1 0.683442 0.770803 0.019016 0.054688
1 0.610223 0.889535 0.038517 0.02907
1 0.71118 0.749546 0.011022 0.021984
1 0.711543 0.801145 0.011022 0.021984
4 0.213057 0.194404 0.101017 0.144985
4 0.325945 0.336846 0.040455 0.06577
4 0.35132 0.682504 0.033067 0.070676
4 0.270773 0.681959 0.033067 0.070676
4 0.541424 0.69931 0.044089 0.12936
4 0.447432 0.698765 0.044089 0.12936
4 0.138929 0.907522 0.034399 0.05923
4 0.207304 0.915698 0.029433 0.051599
4 0.535429 0.92778 0.03016 0.05069
4 0.447432 0.698765 0.044089 0.12936
4 0.464208 0.92887 0.03016 0.05069
4 0.679748 0.911519 0.071948 0.055233
4 0.852289 0.570676 0.125363 0.106831
4 0.760719 0.346475 0.031129 0.052689
4 0.866703 0.324037 0.049782 0.057231
4 0.611676 0.401617 0.031492 0.081214
4 0.611676 0.292969 0.031492 0.081214
4 0.866824 0.099382 0.043484 0.12936
4 0.75648 0.098292 0.043484 0.12936
4 0.648135 0.785701 0.035126 0.042333
