0 0.12375 0.197083 0.04875 0.0375
0 0.280938 0.195417 0.050625 0.039167
0 0.194688 0.36125 0.029375 0.0675
0 0.176563 0.7625 0.029375 0.066667
0 0.353125 0.763333 0.03125 0.066667
0 0.936562 0.647083 0.046875 0.0375
0 0.93875 0.38625 0.05 0.039167
0 0.035937 0.5025 0.028125 0.065
1 0.150312 0.394583 0.029375 0.064167
1 0.459375 0.221667 0.05 0.041667
1 0.32 0.359167 0.1 0.071667
1 0.459062 0.385417 0.098125 0.069167
0 0.938438 0.245833 0.048125 0.035
1 0.6425 0.916667 0.03 0.066667
1 0.790625 0.825417 0.03 0.0675
0 0.971562 0.835417 0.046875 0.0375
4 0.700625 0.519583 0.13 0.3025
4 0.70125 0.129583 0.12375 0.259167
3 0.329062 0.57625 0.148125 0.100833
0 0.137187 0.55375 0.045625 0.0325
0 0.69 0.890417 0.21375 0.169167
0 0.688125 0.70125 0.21375 0.169167
2 0.685937 0.282917 0.273125 0.484167
