1 0.5425 0.269167 0.05125 0.125
1 0.69875 0.155 0.0475 0.038333
1 0.699375 0.22375 0.04875 0.039167
1 0.339687 0.707083 0.050625 0.039167
0 0.07875 0.434583 0.02875 0.0675
0 0.08 0.685 0.0275 0.065
0 0.14875 0.685 0.02875 0.065
0 0.200937 0.684167 0.026875 0.063333
0 0.305 0.249167 0.09 0.061667
0 0.69875 0.338333 0.0475 0.036667
0 0.69875 0.06375 0.04625 0.035833
4 0.359375 0.70875 0.52375 0.5825
1 0.808125 0.044167 0.09 0.063333
1 0.89125 0.044167 0.02625 0.061667
0 0.892813 0.152917 0.041875 0.0325
