0 0.649687 0.110833 0.076875 0.131667
0 0.648438 0.325417 0.078125 0.129167
0 0.700625 0.46875 0.05 0.039167
0 0.47 0.541667 0.0925 0.066667
0 0.365625 0.372083 0.05 0.0375
0 0.242188 0.374167 0.096875 0.066667
0 0.189375 0.233333 0.04875 0.04
0 0.1175 0.372083 0.04875 0.0375
1 0.295312 0.233333 0.050625 0.04
1 0.489063 0.231667 0.050625 0.04
1 0.330313 0.537083 0.054375 0.039167
1 0.665937 0.586667 0.160625 0.106667
1 0.664687 0.774583 0.164375 0.1075
4 0.35875 0.725 0.11375 0.185
4 0.060937 0.723333 0.113125 0.191667
4 0.826562 0.205417 0.143125 0.159167
0 0.152812 0.105833 0.044375 0.031667
0 0.153125 0.225833 0.04625 0.031667
1 0.153125 0.296667 0.04875 0.036667
0 0.168437 0.389583 0.085625 0.059167
1 0.1875 0.48375 0.04625 0.0375
0 0.188125 0.555417 0.0475 0.0375
1 0.771875 0.599583 0.0375 0.0775
3 0.791562 0.7925 0.088125 0.065
