0 0.390313 0.376667 0.025625 0.063333
0 0.54875 0.375417 0.02875 0.065833
0 0.6 0.375 0.0275 0.065
0 0.740625 0.374167 0.0275 0.065
0 0.844375 0.374583 0.0275 0.065833
0 0.601875 0.537917 0.02875 0.065833
0 0.443437 0.634167 0.029375 0.065
0 0.391562 0.632917 0.029375 0.065833
0 0.3225 0.655833 0.0475 0.038333
1 0.129688 0.378333 0.029375 0.065
1 0.234063 0.375417 0.029375 0.0675
1 0.235313 0.515 0.050625 0.038333
1 0.564688 0.652917 0.049375 0.039167
1 0.929063 0.397917 0.030625 0.065833
1 0.063125 0.047917 0.04625 0.0325
0 0.061875 0.116667 0.04375 0.031667
4 0.150938 0.522917 0.196875 0.189167
0 0.0625 0.339167 0.0425 0.03
0 0.299375 0.558333 0.0225 0.058333
0 0.739375 0.644167 0.0225 0.058333
