0 0.620938 0.175833 0.050625 0.04
0 0.725625 0.175833 0.05 0.04
0 0.831875 0.482083 0.03 0.069167
0 0.901563 0.483333 0.029375 0.066667
0 0.406875 0.621667 0.05 0.04
0 0.46 0.969167 0.03 0.06
0 0.300938 0.9725 0.051875 0.041667
0 0.215625 0.967917 0.03 0.0625
0 0.17875 0.807917 0.03 0.0675
0 0.865625 0.742083 0.03125 0.069167
1 0.043125 0.202083 0.03125 0.0675
1 0.129688 0.175833 0.050625 0.041667
1 0.14625 0.337083 0.05375 0.129167
1 0.338438 0.83125 0.096875 0.069167
1 0.043125 0.340417 0.05375 0.129167
1 0.621875 0.36125 0.05375 0.129167
1 0.728125 0.66875 0.05375 0.129167
1 0.726875 0.902917 0.05375 0.129167
1 0.868125 0.199583 0.095 0.0675
1 0.620313 0.2475 0.051875 0.04
1 0.755313 0.294583 0.051875 0.039167
1 0.72875 0.412083 0.0525 0.039167
1 0.724688 0.528333 0.048125 0.041667
1 0.040625 0.505 0.03 0.065
1 0.390313 0.716667 0.051875 0.041667
1 0.636875 0.694583 0.03375 0.0675
1 0.042188 0.877083 0.029375 0.069167
4 0.383125 0.249583 0.15 0.2275
4 0.138125 0.80125 0.21625 0.160833
