1 0.079062 0.416667 0.030625 0.065
1 0.182812 0.44 0.096875 0.07
1 0.13125 0.648333 0.09625 0.07
1 0.251563 0.646667 0.030625 0.061667
1 0.310937 0.43875 0.030625 0.0675
1 0.441875 0.39375 0.095 0.070833
1 0.579375 0.39125 0.095 0.070833
1 0.58125 0.53125 0.09625 0.0675
1 0.4425 0.531667 0.09625 0.068333
1 0.77 0.41375 0.02875 0.065833
1 0.8225 0.413333 0.02875 0.065
0 0.263437 0.4375 0.029375 0.063333
0 0.35625 0.646667 0.0275 0.065
0 0.563125 0.66875 0.04875 0.035833
0 0.667188 0.530417 0.026875 0.065833
0 0.92625 0.415417 0.02875 0.065833
0 0.925937 0.667083 0.029375 0.065833
4 0.833438 0.299583 0.130625 0.139167
1 0.65 0.490833 0.09 0.063333
1 0.265 0.522083 0.04375 0.0325
