1 0.257188 0.078333 0.098125 0.068333
1 0.172813 0.47875 0.049375 0.039167
1 0.976875 0.632083 0.04625 0.040833
1 0.022812 0.92125 0.045625 0.039167
0 0.329375 0.475 0.0475 0.036667
0 0.33 0.547083 0.04875 0.035833
0 0.487812 0.685 0.049375 0.038333
0 0.555937 0.16875 0.029375 0.065833
0 0.90875 0.469167 0.0475 0.038333
0 0.489687 0.9425 0.049375 0.038333
0 0.6125 0.919583 0.02875 0.065833
0 0.684375 0.964167 0.04875 0.036667
0 0.6825 0.894583 0.0475 0.039167
4 0.255625 0.8175 0.1275 0.288333
4 0.926562 0.387083 0.140625 0.250833
