0 0.393125 0.114167 0.04875 0.036667
0 0.693125 0.137083 0.02875 0.065833
0 0.660937 0.81875 0.049375 0.039167
0 0.782188 0.98 0.049375 0.038333
0 0.8875 0.981667 0.0475 0.036667
0 0.446562 0.770833 0.058125 0.133333
1 0.290312 0.98125 0.050625 0.035833
1 0.500313 0.112917 0.049375 0.039167
1 0.553438 0.487917 0.050625 0.040833
1 0.657813 0.347083 0.050625 0.040833
1 0.656563 0.417083 0.050625 0.040833
1 0.657813 0.489583 0.049375 0.040833
3 0.276562 0.776667 0.088125 0.063333
3 0.630313 0.769167 0.088125 0.063333
