5 0.379375 0.535 0.03625 0.115
1 0.89 0.14 0.0275 0.066667
1 0.8875 0.280417 0.03125 0.069167
0 0.396562 0.674583 0.048125 0.0375
0 0.256875 0.909167 0.0925 0.065
0 0.39625 0.930833 0.05 0.041667
0 0.8875 0.9125 0.05 0.126667
1 0.934375 0.210417 0.09375 0.064167
1 0.634375 0.21125 0.09375 0.064167
4 0.831562 0.517917 0.196875 0.189167
1 0.756875 0.21125 0.09375 0.064167
1 0.671562 0.5425 0.025625 0.061667
1 0.670625 0.68125 0.0275 0.059167
0 0.687813 0.870417 0.044375 0.034167
4 0.226562 0.660417 0.384375 0.5175
