0 0.234375 0.53 0.0475 0.036667
0 0.534375 0.177083 0.0275 0.065833
0 0.535 0.552917 0.0275 0.065833
0 0.534375 0.790417 0.0275 0.065833
0 0.533125 0.38625 0.0275 0.065833
0 0.728125 0.292917 0.0275 0.065833
0 0.941562 0.575417 0.049375 0.039167
0 0.94125 0.646667 0.0475 0.038333
1 0.624375 0.648333 0.05125 0.131667
1 0.62125 0.1525 0.05125 0.131667
1 0.62375 0.3175 0.05125 0.131667
1 0.623125 0.481667 0.05125 0.131667
1 0.7825 0.57625 0.04875 0.039167
1 0.869375 0.174167 0.09875 0.07
1 0.799687 0.255417 0.045625 0.034167
1 0.87375 0.315833 0.0275 0.066667
0 0.801562 0.415833 0.044375 0.031667
0 0.961875 0.7675 0.04625 0.031667
3 0.111875 0.78375 0.0875 0.064167
3 0.819688 0.772917 0.090625 0.064167
3 0.465938 0.77875 0.090625 0.064167
