0 0.01625 0.555 0.02375 0.051667
0 0.04125 0.166667 0.02375 0.051667
0 0.105 0.168333 0.02375 0.051667
0 0.07375 0.503333 0.02375 0.051667
0 0.28625 0.444583 0.06625 0.045833
0 0.023438 0.277917 0.040625 0.0325
0 0.043437 0.354583 0.040625 0.0325
0 0.019062 0.417917 0.038125 0.0325
0 0.120938 0.354583 0.040625 0.0325
0 0.208437 0.35375 0.040625 0.0325
0 0.209063 0.067083 0.040625 0.0325
0 0.208437 0.577917 0.040625 0.0325
0 0.036875 0.7125 0.03875 0.03
0 0.387813 0.232083 0.034375 0.085833
1 0.285625 0.938333 0.0675 0.05
1 0.624687 0.710417 0.064375 0.1875
1 0.84125 0.816667 0.06625 0.048333
1 0.83875 0.620833 0.06625 0.048333
1 0.8425 0.914583 0.06625 0.0475
1 0.83875 0.72125 0.06625 0.0475
