0 0.191562 0.012083 0.029375 0.024167
0 0.140313 0.019167 0.016875 0.035
1 0.494688 0.14625 0.046875 0.039167
0 0.34 0.405 0.0875 0.056667
0 0.4925 0.4275 0.04625 0.035
1 0.48875 0.321667 0.04625 0.036667
1 0.723125 0.180833 0.045 0.128333
4 0.524375 0.647917 0.17375 0.239167
1 0.884062 0.788333 0.046875 0.121667
1 0.516563 0.85875 0.046875 0.039167
1 0.639375 0.858333 0.04625 0.036667
1 0.897813 0.525417 0.086875 0.055833
1 0.329062 0.234583 0.086875 0.055833
1 0.825625 0.044167 0.04375 0.036667
1 0.825 0.303333 0.04375 0.035
1 0.825625 0.215833 0.04375 0.035
1 0.806562 0.5225 0.024375 0.058333
1 0.454062 0.23375 0.086875 0.055833
