0 0.141533 0.114281 0.007873 0.020712
0 0.310017 0.252816 0.008358 0.020167
0 0.290274 0.25318 0.008358 0.020167
1 0.404373 0.252453 0.008115 0.020167
1 0.348534 0.252453 0.008358 0.020167
1 0.376151 0.251544 0.008358 0.020167
1 0.390201 0.216116 0.008115 0.020167
1 0.403767 0.216116 0.008115 0.020167
0 0.053416 0.46557 0.012355 0.037246
0 0.283188 0.46448 0.012355 0.037246
0 0.076974 0.494549 0.007873 0.020712
0 0.57867 0.387082 0.005451 0.0129
0 0.379179 0.345113 0.005451 0.0129
0 0.410187 0.345476 0.005451 0.0129
0 0.447856 0.335302 0.005451 0.0129
0 0.479591 0.324037 0.005451 0.0129
0 0.478379 0.36855 0.005451 0.0129
0 0.435017 0.363645 0.005451 0.0129
0 0.422541 0.363645 0.005451 0.0129
0 0.416364 0.386174 0.005451 0.0129
0 0.416364 0.405796 0.005451 0.0129
0 0.364159 0.401799 0.005451 0.0129
0 0.367066 0.457576 0.005451 0.0129
0 0.416727 0.439408 0.005451 0.0129
0 0.407643 0.452852 0.005451 0.0129
0 0.416364 0.459757 0.005451 0.0129
0 0.427265 0.454124 0.005451 0.0129
0 0.441558 0.436319 0.005451 0.0129
0 0.416485 0.481377 0.005451 0.0129
0 0.416969 0.505541 0.005451 0.0129
0 0.385598 0.50645 0.005451 0.0129
0 0.456698 0.505723 0.005451 0.0129
0 0.395652 0.468659 0.0086 0.008176
0 0.391897 0.358012 0.0086 0.008176
0 0.363312 0.381632 0.0086 0.008176
0 0.381722 0.380178 0.0086 0.008176
0 0.381238 0.396166 0.0086 0.008176
0 0.395288 0.404161 0.0086 0.008176
0 0.403767 0.3869 0.0086 0.008176
0 0.403404 0.373456 0.0086 0.008176
0 0.42884 0.383085 0.0086 0.008176
0 0.443859 0.384175 0.0086 0.008176
0 0.46009 0.385084 0.0086 0.008176
0 0.463723 0.402707 0.0086 0.008176
0 0.468568 0.412155 0.0086 0.008176
0 0.457546 0.430687 0.0086 0.008176
0 0.562318 0.486101 0.0086 0.008176
0 0.442648 0.458485 0.0086 0.008176
0 0.442284 0.476835 0.0086 0.008176
0 0.439983 0.421602 0.0086 0.008176
0 0.422057 0.421602 0.0086 0.008176
0 0.406795 0.421966 0.0086 0.008176
0 0.392745 0.422329 0.0086 0.008176
0 0.379421 0.421966 0.0086 0.008176
0 0.3707 0.441043 0.0086 0.008176
0 0.388505 0.452671 0.0086 0.008176
0 0.433503 0.555233 0.013808 0.010901
0 0.404251 0.528161 0.007873 0.020712
0 0.277859 0.526254 0.007267 0.020167
1 0.48819 0.527616 0.0086 0.020712
1 0.300206 0.524528 0.0086 0.020712
1 0.077459 0.585665 0.008358 0.020167
1 0.077217 0.535883 0.008358 0.020167
1 0.189256 0.585938 0.007873 0.020712
4 0.231892 0.541243 0.051235 0.071948
1 0.367672 0.62064 0.027011 0.020712
1 0.327701 0.620276 0.027011 0.020712
1 0.336059 0.52689 0.0086 0.020712
4 0.544029 0.55814 0.031856 0.06032
0 0.461906 0.449582 0.0086 0.008176
0 0.50321 0.47847 0.0086 0.008176
0 0.547783 0.485374 0.0086 0.008176
0 0.467115 0.487918 0.005451 0.0129
0 0.515928 0.450491 0.005451 0.0129
0 0.579033 0.458848 0.005451 0.0129
0 0.579276 0.429233 0.005451 0.0129
0 0.578791 0.408884 0.005451 0.0129
1 0.524225 0.424509 0.013808 0.012536
1 0.499637 0.322765 0.013808 0.012536
1 0.598656 0.390352 0.008842 0.020167
0 0.683806 0.403343 0.013203 0.010538
5 0.828488 0.615643 0.024225 0.01617
5 0.672602 0.61528 0.024225 0.01617
0 0.654978 0.404433 0.013203 0.010901
0 0.747335 0.375908 0.00751 0.020712
1 0.524467 0.405977 0.013808 0.012536
1 0.626696 0.281886 0.013808 0.012536
0 0.654918 0.344477 0.013808 0.010901
1 0.688711 0.365643 0.013808 0.012536
4 0.564075 0.306232 0.026647 0.076853
0 0.492914 0.280069 0.024588 0.019804
1 0.753937 0.220385 0.008358 0.020712
1 0.722929 0.220749 0.008358 0.020712
0 0.949007 0.80278 0.007025 0.019804
0 0.865855 0.334938 0.022408 0.040516
5 0.751938 0.61528 0.024225 0.01617
0 0.846475 0.729742 0.024588 0.01944
4 0.911095 0.758085 0.049903 0.073583
1 0.948825 0.760901 0.008115 0.020712
1 0.94931 0.719658 0.008115 0.020712
1 0.683866 0.142533 0.013808 0.040879
1 0.082364 0.685592 0.026647 0.019077
1 0.202883 0.685956 0.026647 0.019077
4 0.125121 0.54524 0.053779 0.076308
