3 0.501817 0.29415 0.012355 0.027616
3 0.469719 0.294695 0.012355 0.027616
3 0.305717 0.295967 0.012355 0.027616
3 0.273377 0.297238 0.012355 0.027616
3 0.371609 0.295422 0.012355 0.027616
3 0.339026 0.295603 0.012355 0.027616
3 0.436773 0.29415 0.012355 0.027616
3 0.404433 0.295058 0.012355 0.027616
3 0.344174 0.397892 0.011749 0.027253
1 0.366037 0.420058 0.008236 0.021439
4 0.417878 0.407522 0.041182 0.039971
1 0.569525 0.428961 0.008479 0.021076
4 0.418362 0.557231 0.125484 0.18532
1 0.302204 0.562227 0.014535 0.041969
1 0.301599 0.502089 0.014535 0.041969
1 0.235828 0.728016 0.014293 0.012718
1 0.236676 0.771166 0.014293 0.041606
1 0.392018 0.734557 0.008842 0.021439
1 0.288094 0.73601 0.008842 0.021439
1 0.308321 0.73601 0.008842 0.021439
1 0.348413 0.735283 0.008842 0.021439
1 0.362464 0.734012 0.008842 0.021439
1 0.406189 0.734375 0.009084 0.021802
1 0.37712 0.73492 0.009084 0.021802
1 0.598474 0.685138 0.01405 0.012718
1 0.571403 0.615916 0.013687 0.012718
0 0.543241 0.657068 0.01405 0.011083
4 0.730136 0.622002 0.042878 0.087391
1 0.700036 0.488372 0.027737 0.021076
1 0.66491 0.488735 0.027737 0.021076
1 0.610707 0.350109 0.014293 0.011991
1 0.557655 0.459847 0.014293 0.011991
1 0.611192 0.413699 0.014293 0.011991
1 0.611192 0.383176 0.014293 0.011991
1 0.555354 0.411701 0.008479 0.021802
1 0.539608 0.411156 0.008479 0.021802
1 0.503755 0.413699 0.008479 0.021076
0 0.584847 0.428234 0.007631 0.021076
4 0.546754 0.543241 0.068314 0.110465
5 0.64547 0.604288 0.035126 0.130451
