1 0.2975 0.06375 0.02625 0.059167
0 0.244688 0.226667 0.024375 0.058333
0 0.386562 0.085833 0.024375 0.058333
0 0.388437 0.226667 0.024375 0.058333
5 0.90625 0.1375 0.0375 0.11
1 0.3575 0.498333 0.04625 0.035
1 0.095 0.362083 0.02625 0.060833
4 0.155 0.664583 0.1825 0.1225
0 0.522813 0.596667 0.028125 0.021667
0 0.449062 0.595 0.028125 0.021667
0 0.402187 0.595 0.028125 0.021667
0 0.348438 0.595 0.028125 0.021667
0 0.585625 0.745833 0.01625 0.036667
0 0.586875 0.675833 0.01625 0.036667
0 0.501563 0.900833 0.029375 0.023333
0 0.569375 0.962083 0.0175 0.0375
1 0.190938 0.9725 0.024375 0.053333
1 0.395313 0.85875 0.025625 0.060833
1 0.437188 0.859583 0.028125 0.064167
4 0.765 0.778333 0.13875 0.145
1 0.269688 0.193333 0.043125 0.12
5 0.515312 0.288333 0.288125 0.158333
1 0.69125 0.485 0.0275 0.058333
1 0.207187 0.657917 0.024375 0.0575
1 0.044062 0.427083 0.024375 0.0575
1 0.107188 0.427083 0.024375 0.0575
1 0.540937 0.60125 0.024375 0.0575
1 0.108125 0.886667 0.04375 0.031667
1 0.101562 0.8 0.043125 0.035
1 0.140625 0.604167 0.04375 0.031667
0 0.627188 0.722917 0.021875 0.055833
