0 0.879062 0.729167 0.045625 0.116667
0 0.502812 0.045833 0.029375 0.07
0 0.357187 0.45 0.029375 0.07
0 0.269062 0.4925 0.029375 0.07
0 0.179063 0.3875 0.029375 0.07
0 0.129062 0.434167 0.029375 0.07
0 0.043437 0.469167 0.029375 0.07
0 0.041563 0.625 0.030625 0.07
0 0.223438 0.664167 0.029375 0.07
0 0.407813 0.64 0.029375 0.07
0 0.494688 0.641667 0.029375 0.07
0 0.222188 0.84 0.030625 0.071667
0 0.039688 0.773333 0.029375 0.07
0 0.14875 0.892083 0.05375 0.0425
0 0.2975 0.6525 0.05375 0.04
0 0.635625 0.504167 0.05375 0.04
0 0.55 0.404167 0.05375 0.04
0 0.38625 0.79 0.05375 0.04
0 0.053125 0.894167 0.05375 0.04
0 0.41125 0.893333 0.05375 0.04
0 0.3775 0.98 0.05375 0.04
0 0.635625 0.890833 0.05375 0.04
0 0.5175 0.8925 0.05375 0.04
0 0.31 0.893333 0.05375 0.04
1 0.740938 0.194167 0.088125 0.066667
1 0.129375 0.219583 0.08875 0.0625
