0 0.419687 0.13625 0.081875 0.229167
1 0.629375 0.06625 0.04875 0.120833
0 0.6375 0.267917 0.0525 0.039167
0 0.855938 0.27125 0.051875 0.039167
0 0.932813 0.450833 0.029375 0.071667
0 0.9325 0.605833 0.03 0.071667
0 0.929375 0.75375 0.03 0.069167
0 0.74125 0.934167 0.05375 0.04
0 0.694375 0.573333 0.0525 0.04
0 0.8325 0.694167 0.05375 0.04
0 0.8325 0.811667 0.05375 0.04
0 0.944375 0.875833 0.05375 0.04
3 0.461562 0.822083 0.116875 0.100833
3 0.461875 0.215 0.11875 0.108333
3 0.462187 0.514167 0.115625 0.101667
