0 0.41625 0.201667 0.05375 0.04
0 0.269375 0.200417 0.05375 0.039167
0 0.173125 0.19875 0.05375 0.039167
0 0.066875 0.20125 0.05375 0.039167
0 0.545312 0.500833 0.029375 0.071667
0 0.547188 0.360833 0.029375 0.071667
0 0.37625 0.8125 0.05375 0.04
0 0.513437 0.935 0.029375 0.07
1 0.1625 0.730833 0.04875 0.12
1 0.247812 0.73 0.051875 0.123333
1 0.210313 0.483333 0.089375 0.065
1 0.14 0.099167 0.05 0.118333
1 0.356875 0.600833 0.04875 0.121667
1 0.126562 0.913333 0.086875 0.065
1 0.130312 0.7625 0.086875 0.065
