0 0.647188 0.096667 0.034375 0.085
0 0.432188 0.0975 0.034375 0.085
1 0.20875 0.300833 0.0375 0.088333
1 0.604375 0.499167 0.0675 0.048333
0 0.849063 0.645833 0.041875 0.03
0 0.740313 0.645 0.041875 0.03
0 0.669063 0.645 0.041875 0.03
0 0.590313 0.645833 0.041875 0.03
0 0.945 0.867083 0.0225 0.054167
0 0.945625 0.76375 0.0225 0.054167
4 0.300625 0.74875 0.265 0.1675
1 0.541875 0.448333 0.0375 0.086667
1 0.3275 0.449167 0.0375 0.086667
1 0.441875 0.448333 0.0375 0.086667
0 0.595 0.62875 0.065 0.044167
1 0.59625 0.7275 0.06625 0.05
1 0.704063 0.812083 0.035625 0.0875
1 0.540312 0.930833 0.065625 0.048333
