0 0.479063 0.110417 0.040625 0.0325
0 0.582812 0.2 0.040625 0.031667
0 0.581562 0.2875 0.041875 0.031667
0 0.514687 0.378333 0.040625 0.03
0 0.61875 0.42625 0.02375 0.054167
0 0.665625 0.425417 0.0225 0.054167
0 0.556875 0.510417 0.02375 0.054167
0 0.514375 0.603333 0.0425 0.031667
0 0.640625 0.585417 0.02375 0.054167
0 0.697812 0.586667 0.021875 0.051667
0 0.727812 0.485833 0.024375 0.056667
0 0.663438 0.334583 0.041875 0.0325
0 0.6525 0.245417 0.0225 0.054167
0 0.655312 0.13625 0.024375 0.054167
0 0.655625 0.024167 0.0225 0.048333
0 0.824063 0.037917 0.021875 0.055833
0 0.789375 0.165833 0.02375 0.053333
0 0.844063 0.156667 0.040625 0.031667
0 0.926562 0.147083 0.024375 0.054167
0 0.99 0.147917 0.02 0.054167
0 0.909687 0.259583 0.040625 0.0325
0 0.928438 0.335833 0.040625 0.031667
0 0.852187 0.335 0.040625 0.03
0 0.787813 0.293333 0.025625 0.056667
0 0.734062 0.334583 0.041875 0.0325
0 0.7925 0.405417 0.0225 0.054167
0 0.9025 0.4 0.03875 0.031667
0 0.95875 0.484583 0.02375 0.054167
0 0.902188 0.536667 0.024375 0.053333
0 0.794063 0.504583 0.021875 0.054167
0 0.7925 0.600833 0.0225 0.053333
0 0.718437 0.7125 0.041875 0.031667
0 0.856875 0.662917 0.02375 0.054167
0 0.921875 0.694167 0.04 0.031667
0 0.641563 0.71625 0.024375 0.054167
1 0.050937 0.419583 0.065625 0.045833
1 0.179063 0.420417 0.065625 0.045833
1 0.177813 0.6225 0.065625 0.048333
1 0.179375 0.821667 0.0675 0.048333
1 0.05 0.518333 0.06625 0.05
3 0.216562 0.850833 0.086875 0.073333
3 0.211875 0.183333 0.09 0.073333
3 0.214375 0.4075 0.09 0.073333
4 0.597187 0.534583 0.129375 0.2725
3 0.216562 0.623333 0.086875 0.073333
1 0.639375 0.891667 0.065 0.05
