1 0.253125 0.1225 0.02625 0.06
1 0.210938 0.122917 0.028125 0.0625
1 0.501875 0.29625 0.04625 0.0375
1 0.7325 0.880417 0.04625 0.130833
0 0.504062 0.703333 0.043125 0.03
0 0.063125 0.675417 0.03 0.024167
0 0.316875 0.162917 0.03 0.024167
0 0.118125 0.345417 0.03 0.024167
0 0.01375 0.344583 0.0275 0.024167
0 0.04 0.49625 0.03 0.024167
0 0.45125 0.642083 0.03 0.024167
0 0.108125 0.555417 0.03 0.024167
0 0.108125 0.614583 0.03 0.024167
0 0.283125 0.525417 0.03 0.024167
0 0.450937 0.449583 0.029375 0.024167
0 0.3275 0.59375 0.03 0.024167
0 0.339375 0.644583 0.03 0.024167
0 0.290625 0.64375 0.03 0.024167
0 0.3925 0.642917 0.03 0.024167
0 0.323125 0.687917 0.03 0.024167
0 0.453125 0.792917 0.03 0.024167
0 0.3375 0.884583 0.03 0.024167
0 0.201875 0.897083 0.03 0.024167
0 0.06625 0.824583 0.03 0.024167
0 0.163125 0.64625 0.03 0.024167
0 0.210313 0.644583 0.029375 0.024167
0 0.408125 0.40125 0.0275 0.024167
0 0.380937 0.519583 0.018125 0.039167
0 0.384688 0.22375 0.018125 0.039167
0 0.312188 0.424583 0.018125 0.039167
0 0.268437 0.444583 0.018125 0.039167
0 0.224062 0.39375 0.018125 0.039167
0 0.200313 0.41875 0.018125 0.039167
0 0.157188 0.434583 0.018125 0.039167
0 0.157188 0.512917 0.018125 0.039167
0 0.155938 0.584583 0.018125 0.039167
0 0.247188 0.530417 0.018125 0.039167
0 0.338438 0.517083 0.018125 0.039167
0 0.245938 0.617083 0.018125 0.039167
0 0.249688 0.692917 0.018125 0.039167
0 0.207813 0.747917 0.018125 0.039167
0 0.165937 0.707917 0.018125 0.039167
0 0.134063 0.707083 0.018125 0.039167
0 0.092813 0.764583 0.018125 0.039167
0 0.293438 0.864583 0.018125 0.039167
0 0.149688 0.814583 0.018125 0.039167
0 0.187812 0.814583 0.018125 0.039167
0 0.150625 0.902083 0.01625 0.039167
0 0.250312 0.82375 0.018125 0.039167
0 0.250937 0.759583 0.018125 0.039167
0 0.323437 0.77875 0.018125 0.039167
0 0.362187 0.74625 0.018125 0.039167
0 0.571875 0.561667 0.0275 0.066667
1 0.156562 0.18875 0.043125 0.0325
1 0.152812 0.032917 0.043125 0.0325
1 0.150938 0.10125 0.043125 0.0325
4 0.139063 0.556667 0.086875 0.175
4 0.460313 0.5625 0.395625 0.535
0 0.67625 0.0275 0.02125 0.053333
1 0.835313 0.862083 0.041875 0.0325
1 0.164062 0.782083 0.041875 0.0325
1 0.836562 0.739583 0.041875 0.0325
1 0.836562 0.680417 0.041875 0.0325
1 0.835938 0.800417 0.041875 0.0325
1 0.836562 0.617083 0.041875 0.0325
3 0.115625 0.867917 0.05625 0.050833
