0 0.938125 0.04875 0.04 0.029167
0 0.829375 0.047083 0.04 0.029167
0 0.758125 0.047083 0.04 0.029167
0 0.679375 0.047083 0.04 0.029167
4 0.389688 0.14875 0.261875 0.174167
1 0.747188 0.440833 0.038125 0.09
1 0.445 0.6175 0.03625 0.09
1 0.812187 0.440833 0.038125 0.093333
0 0.449062 0.765833 0.040625 0.03
0 0.906563 0.500833 0.040625 0.03
0 0.610625 0.77 0.03875 0.031667
0 0.766875 0.844583 0.0225 0.054167
0 0.730625 0.879583 0.02375 0.055833
0 0.666875 0.90375 0.02375 0.054167
0 0.83375 0.921667 0.02375 0.053333
0 0.899375 0.892917 0.02375 0.055833
0 0.28625 0.672083 0.06375 0.174167
1 0.78 0.443333 0.0375 0.086667
1 0.404375 0.0825 0.0375 0.086667
1 0.5175 0.08 0.0375 0.086667
1 0.619375 0.08 0.0375 0.086667
0 0.670937 0.260417 0.065625 0.044167
1 0.673125 0.359583 0.06625 0.050833
1 0.615313 0.67375 0.065625 0.0475
1 0.615938 0.562083 0.065625 0.0475
1 0.623437 0.810833 0.061875 0.048333
