1 0.28 0.65 0.09 0.065
1 0.105 0.239167 0.09 0.065
1 0.1025 0.106667 0.09 0.065
1 0.2775 0.105 0.09 0.065
1 0.279375 0.379167 0.09 0.065
0 0.732812 0.349583 0.051875 0.040833
0 0.731563 0.04625 0.051875 0.040833
0 0.904687 0.50375 0.029375 0.069167
0 0.789062 0.225 0.030625 0.07
0 0.873437 0.111667 0.030625 0.07
0 0.936875 0.10875 0.03 0.0725
0 0.902813 0.324583 0.029375 0.069167
0 0.980938 0.327083 0.029375 0.069167
3 0.452813 0.231667 0.115625 0.101667
3 0.449688 0.543333 0.115625 0.101667
3 0.449062 0.845833 0.115625 0.101667
3 0.924375 0.794583 0.11875 0.104167
