0 0.790937 0.262083 0.041875 0.114167
1 0.893125 0.227083 0.02625 0.059167
0 0.897813 0.325833 0.028125 0.023333
0 0.926562 0.4775 0.029375 0.023333
0 0.950625 0.656667 0.03 0.021667
0 0.979375 0.745417 0.01625 0.0375
0 0.951562 0.806667 0.028125 0.021667
1 0.727812 0.955 0.048125 0.031667
1 0.725938 0.685833 0.048125 0.035
1 0.640312 0.687083 0.048125 0.0375
1 0.640938 0.75125 0.048125 0.044167
1 0.726875 0.820833 0.045 0.031667
3 0.931875 0.849583 0.05625 0.050833
3 0.720625 0.174583 0.05625 0.050833
3 0.72 0.312083 0.05625 0.050833
3 0.72 0.454583 0.05625 0.050833
3 0.719375 0.59125 0.05625 0.050833
3 0.7175 0.734583 0.05625 0.050833
4 0.958438 0.539583 0.079375 0.1725
3 0.715625 0.872917 0.05625 0.050833
1 0.969688 0.017083 0.043125 0.034167
1 0.973437 0.172917 0.043125 0.034167
1 0.969063 0.085417 0.043125 0.034167
