0 0.307188 0.448333 0.029375 0.071667
0 0.046562 0.129167 0.029375 0.071667
0 0.218438 0.1 0.029375 0.071667
0 0.220938 0.235 0.029375 0.071667
0 0.132188 0.21 0.029375 0.071667
0 0.090938 0.346667 0.029375 0.071667
0 0.01375 0.343333 0.0275 0.071667
0 0.014687 0.5225 0.029375 0.071667
0 0.219062 0.364167 0.029375 0.071667
0 0.36625 0.275833 0.03 0.071667
0 0.443437 0.206667 0.029375 0.071667
0 0.730625 0.125 0.0875 0.063333
0 0.12 0.51375 0.0525 0.039167
0 0.393125 0.487083 0.0525 0.039167
0 0.365625 0.092083 0.0525 0.039167
0 0.62625 0.305417 0.0525 0.039167
1 0.730625 0.790417 0.09 0.0675
1 0.140313 0.627083 0.086875 0.0625
