4 0.405313 0.425833 0.180625 0.243333
0 0.196875 0.360833 0.0825 0.203333
3 0.30625 0.70375 0.0425 0.100833
3 0.233125 0.705417 0.0425 0.100833
1 0.310625 0.87 0.0275 0.065
1 0.261875 0.871667 0.0275 0.065
0 0.2775 0.441667 0.02625 0.061667
0 0.923438 0.025417 0.045625 0.034167
0 0.586562 0.252083 0.045625 0.034167
1 0.720625 0.25125 0.04875 0.0375
1 0.924375 0.097917 0.04875 0.0375
1 0.9725 0.910417 0.04875 0.0375
1 0.854375 0.25125 0.04875 0.0375
1 0.924375 0.170417 0.04875 0.0375
1 0.97 0.592083 0.04875 0.0375
1 0.80125 0.099167 0.03 0.065
1 0.424375 0.105 0.03 0.065
1 0.6225 0.100833 0.03 0.065
1 0.67875 0.100833 0.03 0.065
1 0.730625 0.1025 0.03 0.065
0 0.972187 0.75 0.045625 0.035
0 0.674063 0.586667 0.045625 0.056667
0 0.557187 0.661667 0.045625 0.056667
0 0.750938 0.645833 0.045625 0.056667
0 0.821562 0.774167 0.045625 0.056667
1 0.970625 0.672917 0.04875 0.0375
