1 0.686875 0.879583 0.0275 0.064167
1 0.632812 0.881667 0.028125 0.063333
1 0.237187 0.23625 0.050625 0.039167
1 0.235313 0.180417 0.050625 0.039167
1 0.215312 0.540417 0.050625 0.039167
1 0.214688 0.47375 0.050625 0.039167
0 0.961562 0.086667 0.045625 0.035
0 0.215312 0.408333 0.045625 0.035
0 0.415312 0.335833 0.045625 0.035
0 0.943438 0.588333 0.065625 0.05
0 0.940937 0.868333 0.045625 0.035
0 0.475313 0.728333 0.045625 0.035
0 0.47125 0.635833 0.07 0.051667
0 0.804688 0.594167 0.065625 0.05
2 0.31625 0.7025 0.03875 0.09
0 0.414687 0.496667 0.150625 0.103333
4 0.659062 0.660417 0.071875 0.095833
5 0.905625 0.40125 0.1525 0.2075
0 0.78875 0.879167 0.02625 0.063333
1 0.94 0.96375 0.0475 0.039167
