2 0.444063 0.3575 0.045625 0.035
4 0.478125 0.499583 0.035 0.064167
0 0.569688 0.40375 0.033125 0.0275
1 0.569375 0.67125 0.0325 0.0275
1 0.568125 0.452917 0.0325 0.0275
1 0.57 0.537917 0.0325 0.0275
1 0.634375 0.537917 0.0325 0.0275
1 0.636875 0.58375 0.0325 0.0275
0 0.56875 0.583333 0.03 0.026667
0 0.635 0.670833 0.03 0.026667
0 0.709375 0.401667 0.01875 0.043333
0 0.754375 0.397917 0.02625 0.064167
2 0.722812 0.26625 0.044375 0.034167
0 0.866875 0.178333 0.02 0.041667
1 0.977187 0.19625 0.020625 0.045833
1 0.949688 0.197917 0.020625 0.045833
1 0.833438 0.177917 0.020625 0.045833
1 0.802188 0.177917 0.020625 0.045833
0 0.900625 0.35 0.01875 0.041667
0 0.823125 0.350417 0.05375 0.1325
4 0.74375 0.560833 0.0475 0.063333
0 0.776563 0.806667 0.024375 0.063333
0 0.773438 0.686667 0.024375 0.063333
0 0.640938 0.801667 0.018125 0.043333
1 0.594688 0.799583 0.020625 0.044167
1 0.549063 0.80125 0.020625 0.044167
5 0.86625 0.773333 0.105 0.14
