1 0.36313 0.374273 0.004603 0.012355
1 0.312016 0.319404 0.004603 0.012355
1 0.30923 0.374637 0.004603 0.012355
1 0.326066 0.666061 0.004603 0.012355
1 0.362282 0.665516 0.004603 0.012355
1 0.352713 0.37391 0.004603 0.012355
1 0.337452 0.374273 0.004603 0.012355
1 0.345446 0.374273 0.004603 0.012355
1 0.285974 0.496911 0.004603 0.012355
1 0.292757 0.497275 0.004603 0.012355
1 0.404675 0.5 0.004603 0.012355
1 0.674176 0.618823 0.004603 0.012355
1 0.340359 0.644077 0.004603 0.012355
1 0.347626 0.643714 0.004603 0.012355
1 0.340237 0.665516 0.004603 0.012355
1 0.412427 0.499637 0.004603 0.012355
1 0.673207 0.400073 0.004603 0.012355
1 0.52695 0.533339 0.011022 0.008903
1 0.38039 0.37391 0.007631 0.006904
1 0.38039 0.384993 0.007631 0.006904
1 0.429445 0.315589 0.007631 0.006904
1 0.370821 0.398074 0.007631 0.006904
1 0.351805 0.397711 0.007631 0.006904
1 0.383781 0.657158 0.007631 0.006904
1 0.387052 0.503452 0.007631 0.006904
1 0.38681 0.45258 0.007631 0.006904
1 0.283854 0.540879 0.007631 0.006904
1 0.283854 0.531795 0.007631 0.006541
1 0.280826 0.589571 0.007631 0.006904
1 0.280826 0.57867 0.007631 0.006904
1 0.383781 0.672057 0.007631 0.006904
1 0.527435 0.487555 0.011022 0.008903
1 0.38681 0.465843 0.007631 0.006904
0 0.362161 0.643441 0.00436 0.011083
0 0.319404 0.319132 0.00436 0.011083
0 0.388081 0.334393 0.00436 0.011083
0 0.288154 0.428143 0.00436 0.011083
3 0.683927 0.61855 0.00642 0.01726
3 0.6832 0.400164 0.00642 0.01726
0 0.53555 0.564589 0.011507 0.009993
0 0.309048 0.556504 0.007146 0.006541
0 0.536761 0.547783 0.007146 0.006541
0 0.383539 0.641897 0.007146 0.006541
0 0.332304 0.398074 0.007146 0.006541
0 0.317648 0.619549 0.007146 0.006541
0 0.386931 0.51726 0.007146 0.006541
0 0.387052 0.477653 0.007146 0.006541
0 0.38039 0.362282 0.007146 0.006541
0 0.42884 0.327035 0.007146 0.006541
0 0.318193 0.665425 0.00436 0.011083
0 0.347626 0.665789 0.00436 0.011083
0 0.317042 0.604742 0.010538 0.009629
0 0.364281 0.59802 0.010538 0.008539
0 0.383781 0.597293 0.010538 0.008539
0 0.372517 0.312409 0.00642 0.016897
0 0.32649 0.321312 0.00642 0.016897
1 0.662851 0.44068 0.019985 0.017624
5 0.497275 0.510265 0.01078 0.031432
3 0.292333 0.470839 0.007146 0.016897
3 0.281795 0.470476 0.007146 0.016897
0 0.300872 0.315589 0.013081 0.033067
0 0.277132 0.415153 0.013081 0.033067
2 0.359981 0.308321 0.012355 0.025436
4 0.341206 0.313408 0.013808 0.013445
3 0.356105 0.346475 0.013324 0.011991
3 0.31359 0.346475 0.013324 0.011991
4 0.388021 0.309866 0.011022 0.016533
4 0.306323 0.426054 0.025921 0.038881
0 0.308382 0.583394 0.022771 0.018532
4 0.343689 0.608921 0.011022 0.01726
2 0.310138 0.707031 0.005935 0.015443
2 0.294998 0.61528 0.005935 0.015443
4 0.334121 0.696584 0.01078 0.012718
0 0.507389 0.523165 0.003876 0.010719
0 0.507146 0.497729 0.003876 0.010719
4 0.557655 0.510356 0.025921 0.038517
4 0.339329 0.52262 0.077156 0.117551
5 0.377968 0.567315 0.024588 0.036156
0 0.328125 0.463935 0.008236 0.011083
0 0.365068 0.481922 0.008236 0.011446
0 0.355015 0.461573 0.008236 0.011446
0 0.344719 0.451217 0.008236 0.011446
