0 0.727187 0.325 0.096875 0.071667
3 0.2525 0.268333 0.05 0.04
3 0.253125 0.205 0.05 0.04
1 0.069062 0.2175 0.021875 0.046667
1 0.041563 0.2175 0.021875 0.046667
1 0.546875 0.700833 0.0325 0.026667
1 0.5475 0.63875 0.0325 0.0275
0 0.381875 0.243333 0.03125 0.025
4 0.3875 0.354167 0.1175 0.155
1 0.1725 0.271667 0.0325 0.026667
1 0.1725 0.23 0.0325 0.026667
1 0.546875 0.5925 0.0325 0.026667
1 0.545625 0.374167 0.0325 0.026667
1 0.714375 0.3925 0.0325 0.026667
0 0.418438 0.175 0.096875 0.071667
3 0.629687 0.661667 0.038125 0.081667
3 0.629687 0.40125 0.038125 0.085833
3 0.630313 0.537917 0.038125 0.085833
3 0.733437 0.575417 0.038125 0.085833
1 0.546875 0.545833 0.0325 0.026667
0 0.715 0.438333 0.03125 0.025
0 0.73375 0.761667 0.05 0.036667
0 0.473125 0.514167 0.01875 0.043333
0 0.7075 0.481667 0.05 0.036667
0 0.665 0.854167 0.03125 0.026667
0 0.218438 0.714583 0.033125 0.045833
0 0.273438 0.487917 0.033125 0.045833
0 0.309688 0.589583 0.033125 0.045833
0 0.281562 0.652917 0.033125 0.045833
0 0.581875 0.805833 0.01875 0.041667
0 0.1125 0.841667 0.01875 0.041667
0 0.23125 0.843333 0.01875 0.041667
1 0.546562 0.806667 0.020625 0.048333
1 0.154062 0.8425 0.020625 0.048333
1 0.267813 0.843333 0.020625 0.048333
1 0.307812 0.843333 0.020625 0.048333
1 0.473438 0.746667 0.020625 0.048333
1 0.474062 0.63 0.020625 0.048333
1 0.512188 0.8075 0.020625 0.048333
1 0.165 0.948333 0.0325 0.025
4 0.743437 0.852917 0.049375 0.064167
2 0.747812 0.68625 0.075625 0.074167
