0 0.341509 0.425145 0.02047 0.018169
0 0.343992 0.447493 0.012597 0.010538
0 0.418968 0.432322 0.019622 0.016533
0 0.421875 0.453852 0.01187 0.010174
0 0.417878 0.47411 0.019622 0.01617
0 0.422238 0.49355 0.012112 0.008903
0 0.303052 0.574582 0.011628 0.030342
0 0.594598 0.389989 0.01938 0.016533
0 0.591206 0.422965 0.012597 0.010538
0 0.594901 0.46875 0.01078 0.029433
0 0.585271 0.501999 0.007025 0.018532
0 0.595567 0.508448 0.007267 0.01944
0 0.618278 0.54306 0.008115 0.007994
0 0.585332 0.5506 0.008358 0.008539
0 0.593871 0.581123 0.007267 0.01944
0 0.609496 0.579124 0.005087 0.012173
0 0.339268 0.589299 0.004845 0.013263
0 0.591388 0.371639 0.01296 0.009629
1 0.321827 0.387082 0.00751 0.01944
1 0.333394 0.388354 0.008115 0.019804
1 0.353198 0.37173 0.012355 0.011265
1 0.44077 0.368914 0.012597 0.012173
1 0.421936 0.515716 0.013203 0.012173
1 0.421693 0.532068 0.013203 0.012536
1 0.422359 0.579124 0.012355 0.012173
1 0.355802 0.59048 0.005693 0.013808
1 0.347868 0.590207 0.005329 0.012536
1 0.317708 0.577489 0.005329 0.0129
1 0.61204 0.516443 0.00751 0.019804
1 0.626817 0.523528 0.012355 0.012173
1 0.645652 0.524255 0.013445 0.012173
4 0.508539 0.480287 0.137234 0.188045
4 0.337028 0.549782 0.032582 0.032703
3 0.419271 0.390716 0.011022 0.027435
4 0.601805 0.550055 0.013929 0.020167
2 0.341146 0.484284 0.030644 0.052507
