0 0.167813 0.29625 0.018125 0.0425
0 0.128438 0.303333 0.014375 0.028333
0 0.189062 0.365 0.023125 0.018333
0 0.107188 0.3825 0.019375 0.016667
0 0.039375 0.425417 0.03125 0.024167
0 0.08625 0.425 0.03125 0.025
0 0.122188 0.44125 0.021875 0.044167
0 0.16375 0.459167 0.01875 0.04
0 0.189062 0.472917 0.018125 0.0375
0 0.164687 0.545833 0.026875 0.065
0 0.175313 0.647917 0.028125 0.020833
0 0.16625 0.720833 0.04875 0.036667
0 0.175313 0.761667 0.028125 0.021667
0 0.799375 0.278333 0.0125 0.028333
0 0.89 0.309167 0.02875 0.068333
0 0.949063 0.250833 0.061875 0.155
0 0.594688 0.489583 0.029375 0.0225
0 0.605 0.531667 0.04875 0.036667
0 0.594063 0.5775 0.028125 0.021667
0 0.602812 0.624167 0.046875 0.036667
0 0.78875 0.589583 0.0275 0.0225
0 0.795937 0.640417 0.050625 0.040833
1 0.549063 0.765417 0.033125 0.0275
1 0.766563 0.757083 0.031875 0.025833
1 0.814063 0.722917 0.021875 0.044167
1 0.843437 0.723333 0.019375 0.045
1 0.594375 0.440833 0.0325 0.026667
1 0.595313 0.405 0.033125 0.026667
1 0.759062 0.275 0.014375 0.03
1 0.777813 0.275417 0.014375 0.030833
1 0.593437 0.30125 0.033125 0.0275
1 0.852812 0.303333 0.014375 0.031667
4 0.14875 0.365417 0.03875 0.054167
3 0.60125 0.71875 0.03 0.070833
4 0.379688 0.51625 0.339375 0.410833
