0 0.774687 0.162083 0.030625 0.069167
1 0.732187 0.419167 0.030625 0.066667
1 0.729688 0.163333 0.030625 0.066667
1 0.775312 0.29 0.030625 0.066667
0 0.778125 0.415 0.0275 0.066667
3 0.047188 0.61 0.041875 0.08
1 0.174687 0.654167 0.051875 0.038333
1 0.201875 0.754583 0.03125 0.070833
1 0.292187 0.169167 0.030625 0.066667
0 0.248438 0.16875 0.030625 0.069167
1 0.293438 0.426667 0.030625 0.066667
1 0.249062 0.3 0.030625 0.066667
0 0.250625 0.425 0.0275 0.066667
3 0.9275 0.615 0.075 0.14
3 0.843125 0.615 0.075 0.14
0 0.665937 0.710417 0.025625 0.0625
0 0.613437 0.710417 0.025625 0.0625
0 0.402813 0.714583 0.025625 0.0625
0 0.350313 0.71625 0.025625 0.0625
0 0.508437 0.712917 0.025625 0.0625
0 0.455937 0.714583 0.025625 0.0625
1 0.560625 0.710417 0.02875 0.069167
3 0.72875 0.705 0.04375 0.086667
0 0.827812 0.7675 0.061875 0.058333
