0 0.311349 0.39435 0.010538 0.008903
0 0.333878 0.394895 0.011507 0.009266
0 0.353016 0.44504 0.00642 0.01617
0 0.523074 0.588027 0.005935 0.015807
0 0.431989 0.587664 0.005935 0.015807
0 0.452943 0.473928 0.005935 0.015807
0 0.441679 0.473565 0.005935 0.015807
0 0.475594 0.473565 0.005935 0.015807
0 0.464329 0.473565 0.005935 0.015807
0 0.509508 0.473928 0.005935 0.015807
0 0.498486 0.473565 0.005935 0.015807
0 0.544392 0.489008 0.01296 0.013263
0 0.422783 0.555687 0.005935 0.015807
0 0.411519 0.555687 0.005935 0.015807
0 0.543665 0.556414 0.005935 0.015807
0 0.532401 0.556414 0.005935 0.015807
0 0.464935 0.6131 0.010296 0.008903
0 0.489765 0.6131 0.01078 0.008903
0 0.589087 0.444677 0.009327 0.019077
0 0.604469 0.445131 0.009327 0.019985
0 0.621427 0.39544 0.01078 0.009629
0 0.341267 0.69831 0.00642 0.015807
0 0.416727 0.697947 0.005693 0.01508
0 0.53773 0.698855 0.00642 0.015807
0 0.613433 0.698492 0.005935 0.01617
0 0.644077 0.395621 0.010296 0.009266
1 0.621427 0.335665 0.01078 0.009629
1 0.644077 0.335665 0.01078 0.009629
1 0.524891 0.341842 0.00642 0.015443
1 0.534339 0.373092 0.00642 0.015807
1 0.430051 0.403252 0.00642 0.015443
1 0.61852 0.445494 0.008358 0.020712
1 0.524891 0.403797 0.00642 0.015443
1 0.430293 0.341116 0.00642 0.015443
1 0.420724 0.372366 0.00642 0.015443
1 0.403888 0.458485 0.011022 0.008903
1 0.409581 0.482467 0.006662 0.016533
1 0.487221 0.473928 0.006662 0.016533
1 0.644804 0.699219 0.005935 0.015807
1 0.627362 0.698492 0.005935 0.01508
1 0.43429 0.720294 0.01078 0.009629
1 0.433442 0.734466 0.011507 0.009266
1 0.433563 0.748819 0.011265 0.010356
1 0.520531 0.749182 0.012234 0.010356
1 0.310744 0.731741 0.006904 0.01617
1 0.328186 0.731741 0.006904 0.01617
1 0.296451 0.516261 0.010296 0.009266
1 0.296209 0.53661 0.010296 0.009266
1 0.296209 0.654524 0.010296 0.009266
1 0.295967 0.674873 0.010296 0.009266
1 0.364402 0.445948 0.006662 0.014353
1 0.311592 0.335483 0.011022 0.009993
1 0.333757 0.335483 0.011265 0.009993
3 0.376514 0.446857 0.009327 0.01835
3 0.522832 0.47311 0.009569 0.020712
3 0.566739 0.452671 0.016231 0.034339
3 0.548813 0.451944 0.016231 0.034339
2 0.449188 0.660429 0.045179 0.075581
2 0.394743 0.611101 0.048692 0.064499
2 0.560804 0.611101 0.048692 0.064499
2 0.506722 0.661882 0.045179 0.075581
4 0.519804 0.725291 0.012234 0.03125
4 0.477289 0.536791 0.059472 0.041969
0 0.591751 0.513536 0.063106 0.093932
0 0.360405 0.514626 0.063106 0.093932
3 0.644319 0.731286 0.009327 0.021802
3 0.62397 0.73274 0.009327 0.021802
