0 0.796875 0.719583 0.0275 0.064167
0 0.764375 0.135417 0.0275 0.064167
0 0.7225 0.26625 0.0275 0.064167
0 0.203125 0.14625 0.0275 0.064167
0 0.255625 0.14375 0.0275 0.064167
0 0.816875 0.134583 0.0275 0.064167
0 0.454688 0.375833 0.046875 0.035
0 0.569688 0.371667 0.046875 0.035
0 0.29875 0.272917 0.0275 0.064167
0 0.234375 0.730417 0.0275 0.064167
2 0.893125 0.353333 0.21375 0.27
2 0.648125 0.572083 0.2075 0.3025
2 0.381875 0.57625 0.2075 0.3025
2 0.127812 0.373333 0.226875 0.27
1 0.717187 0.93 0.050625 0.036667
1 0.315312 0.82 0.050625 0.036667
1 0.314063 0.879167 0.050625 0.035
1 0.315937 0.93625 0.048125 0.039167
4 0.713125 0.826667 0.04875 0.118333
