1 0.416424 0.223656 0.011386 0.009084
1 0.382267 0.222656 0.011386 0.009993
0 0.495216 0.242369 0.050266 0.046875
0 0.645167 0.258085 0.040819 0.034702
1 0.698583 0.284339 0.021439 0.02689
0 0.660853 0.314317 0.008963 0.019622
0 0.710332 0.321403 0.00642 0.016352
0 0.723413 0.321039 0.00642 0.017078
1 0.772166 0.321766 0.011143 0.010538
0 0.772166 0.353652 0.011143 0.009629
1 0.746003 0.427598 0.011386 0.009266
1 0.734496 0.366097 0.007267 0.017078
1 0.721899 0.366279 0.007267 0.017078
1 0.696827 0.365371 0.007267 0.016352
1 0.685017 0.364099 0.006662 0.017078
1 0.746972 0.390534 0.010901 0.009629
1 0.581274 0.331486 0.010659 0.009993
0 0.710938 0.365552 0.00642 0.015988
0 0.661034 0.365552 0.006662 0.016715
0 0.776284 0.435047 0.011143 0.009993
0 0.603077 0.357376 0.011386 0.010538
1 0.746851 0.409066 0.010659 0.009993
1 0.552568 0.33194 0.011386 0.010538
4 0.564862 0.387809 0.032098 0.067769
1 0.481165 0.379906 0.00642 0.015988
1 0.468811 0.380814 0.00642 0.016715
1 0.456456 0.380269 0.00642 0.016715
1 0.494004 0.380996 0.00642 0.016715
0 0.426659 0.38036 0.00642 0.015443
2 0.335453 0.36746 0.017563 0.031432
0 0.297481 0.378361 0.011386 0.009629
0 0.272166 0.37818 0.011143 0.009266
4 0.292878 0.482013 0.082122 0.071221
1 0.380814 0.480105 0.011143 0.009629
1 0.381056 0.460847 0.011143 0.009629
0 0.394622 0.524255 0.010901 0.009266
1 0.379603 0.617097 0.011143 0.009993
1 0.379724 0.567315 0.011143 0.009993
1 0.379118 0.591661 0.011143 0.009993
1 0.267321 0.66597 0.011386 0.009993
1 0.267321 0.640534 0.011386 0.009993
0 0.244247 0.790789 0.031856 0.031432
4 0.470506 0.516443 0.107437 0.161156
0 0.471233 0.633812 0.006177 0.015443
2 0.4547 0.655796 0.009448 0.020167
0 0.438106 0.654887 0.009205 0.020167
1 0.496063 0.655705 0.006662 0.016715
1 0.408733 0.655342 0.006662 0.016715
1 0.533794 0.656977 0.007025 0.016352
1 0.508479 0.656068 0.007025 0.016352
0 0.417151 0.742733 0.049176 0.043968
0 0.495276 0.743732 0.040213 0.034339
0 0.625484 0.74573 0.022045 0.059411
0 0.562197 0.61319 0.013929 0.013445
1 0.562621 0.569313 0.011143 0.009629
1 0.562742 0.58948 0.011143 0.009629
1 0.563106 0.532431 0.010659 0.009629
1 0.563348 0.551326 0.010659 0.009629
1 0.56359 0.513626 0.011143 0.010538
1 0.564075 0.452126 0.011386 0.009629
0 0.58939 0.451581 0.011386 0.009629
0 0.589268 0.496457 0.010901 0.009629
1 0.58836 0.601381 0.00642 0.015988
1 0.588784 0.551871 0.011143 0.009993
1 0.588299 0.569313 0.011143 0.009993
1 0.670603 0.601199 0.006662 0.016715
1 0.60023 0.600472 0.006662 0.016715
1 0.612464 0.600472 0.006662 0.016715
1 0.633903 0.601381 0.006662 0.016715
0 0.650618 0.601744 0.00642 0.016715
0 0.683806 0.602653 0.00642 0.015988
0 0.707849 0.60238 0.009205 0.020531
4 0.66812 0.48383 0.090116 0.137718
1 0.685986 0.750636 0.020712 0.026344
0 0.727834 0.71548 0.010659 0.008721
0 0.769743 0.69722 0.010901 0.009266
4 0.712149 0.664789 0.026284 0.049055
0 0.770228 0.60347 0.010659 0.009266
0 0.771197 0.529342 0.010901 0.009266
0 0.746609 0.503997 0.011386 0.008721
0 0.747456 0.479015 0.010901 0.009266
0 0.553355 0.300872 0.014656 0.014898
0 0.582364 0.300781 0.01187 0.011446
1 0.444222 0.379724 0.006662 0.016352
4 0.307352 0.621366 0.038154 0.072674
