4 0.420938 0.525417 0.394375 0.520833
1 0.092188 0.551667 0.045625 0.04
1 0.085312 0.090833 0.045625 0.04
1 0.088438 0.1575 0.045625 0.04
1 0.090313 0.225833 0.045625 0.04
1 0.089063 0.345833 0.045625 0.04
1 0.691875 0.954583 0.03 0.060833
1 0.586875 0.955417 0.03 0.060833
1 0.639375 0.95625 0.03 0.060833
1 0.757812 0.60625 0.045625 0.040833
1 0.757812 0.88375 0.045625 0.040833
1 0.755938 0.672083 0.045625 0.040833
1 0.755938 0.812917 0.045625 0.040833
1 0.222812 0.08625 0.028125 0.060833
1 0.171563 0.08625 0.028125 0.060833
0 0.753125 0.47125 0.04375 0.030833
0 0.894062 0.464167 0.054375 0.05
0 0.880625 0.74375 0.04125 0.0325
0 0.882188 0.815 0.041875 0.033333
0 0.756875 0.750833 0.045 0.033333
0 0.375625 0.967083 0.02625 0.060833
0 0.444063 0.968333 0.024375 0.058333
0 0.094062 0.760833 0.056875 0.048333
0 0.090938 0.625 0.043125 0.033333
0 0.089375 0.437917 0.04375 0.0325
0 0.378125 0.081667 0.02625 0.058333
0 0.504375 0.079167 0.02625 0.06
0 0.7675 0.144167 0.02625 0.058333
