4 0.265625 0.379167 0.49375 0.641667
0 0.646875 0.129583 0.04125 0.034167
0 0.877812 0.829583 0.035625 0.069167
1 0.649062 0.2275 0.043125 0.036667
1 0.64875 0.297083 0.045 0.0375
1 0.64875 0.365417 0.045 0.039167
1 0.650937 0.43375 0.043125 0.0375
1 0.650625 0.50625 0.045 0.034167
1 0.79125 0.83125 0.02625 0.0575
1 0.456875 0.90125 0.0275 0.059167
1 0.282813 0.905417 0.028125 0.059167
1 0.231875 0.90375 0.0275 0.059167
1 0.179063 0.903333 0.025625 0.06
1 0.1275 0.900833 0.0275 0.06
1 0.07125 0.902083 0.02625 0.0575
4 0.635625 0.904167 0.19125 0.173333
