0 0.695312 0.023333 0.041875 0.035
1 0.700937 0.39875 0.046875 0.0375
1 0.698438 0.120417 0.046875 0.0375
1 0.698438 0.190417 0.046875 0.0375
1 0.699063 0.259583 0.046875 0.0375
1 0.701562 0.327083 0.046875 0.0375
4 0.689688 0.799583 0.195625 0.1825
1 0.846562 0.880417 0.028125 0.0625
1 0.844688 0.722917 0.028125 0.0625
0 0.933438 0.881667 0.024375 0.06
0 0.930625 0.72125 0.03625 0.075833
1 0.23375 0.94625 0.02875 0.0625
1 0.510625 0.797917 0.02875 0.0625
1 0.3375 0.80375 0.02875 0.0625
1 0.285 0.802917 0.02875 0.0625
1 0.231875 0.802917 0.02875 0.0625
1 0.18 0.802917 0.02875 0.0625
1 0.125 0.805417 0.02875 0.0625
1 0.181875 0.94625 0.02875 0.0625
0 0.059062 0.804167 0.035625 0.073333
1 0.095625 0.94875 0.04375 0.0375
0 0.388437 0.944583 0.026875 0.055833
0 0.514062 0.942083 0.026875 0.060833
4 0.317188 0.294583 0.471875 0.589167
