3 0.03625 0.429583 0.02625 0.065833
3 0.035625 0.140417 0.02625 0.065833
3 0.036875 0.28625 0.02625 0.065833
1 0.025 0.562917 0.0175 0.0425
1 0.035625 0.7675 0.03 0.026667
1 0.036875 0.915 0.03 0.025
1 0.682187 0.614167 0.018125 0.041667
1 0.592187 0.578333 0.025625 0.061667
1 0.426563 0.579167 0.025625 0.061667
0 0.466562 0.36 0.029375 0.025
0 0.549687 0.357917 0.030625 0.0225
0 0.723125 0.615417 0.0175 0.039167
0 0.297812 0.919583 0.018125 0.0425
0 0.337813 0.919583 0.016875 0.040833
0 0.236563 0.89 0.054375 0.123333
4 0.507812 0.445833 0.098125 0.063333
