1 0.341875 0.060833 0.04625 0.036667
1 0.465625 0.9825 0.04625 0.035
1 0.34375 0.288333 0.04625 0.036667
1 0.463125 0.7575 0.04625 0.036667
1 0.446562 0.439583 0.025625 0.059167
1 0.366563 0.837917 0.025625 0.059167
1 0.254688 0.837083 0.025625 0.059167
0 0.30875 0.839583 0.025 0.059167
0 0.058125 0.53125 0.025 0.059167
0 0.116875 0.53125 0.025 0.059167
0 0.306875 0.405417 0.025 0.059167
0 0.218438 0.490833 0.043125 0.033333
0 0.246562 0.600417 0.136875 0.1025
3 0.464375 0.237917 0.04 0.100833
4 0.105313 0.890833 0.176875 0.22
