1 0.879375 0.799167 0.0175 0.043333
1 0.473125 0.159167 0.0175 0.043333
1 0.51 0.159167 0.0175 0.043333
1 0.739375 0.104167 0.0175 0.043333
1 0.77625 0.125 0.0175 0.043333
1 0.93375 0.543333 0.0175 0.043333
1 0.50375 0.599167 0.0175 0.043333
1 0.558125 0.7 0.0175 0.043333
1 0.8075 0.799167 0.0175 0.043333
1 0.647813 0.9875 0.030625 0.025
1 0.943438 0.894167 0.030625 0.025
1 0.467813 0.925 0.030625 0.025
1 0.420938 0.6375 0.030625 0.025
1 0.868437 0.4425 0.030625 0.025
1 0.864688 0.149167 0.030625 0.025
1 0.941562 0.746667 0.030625 0.025
1 0.867812 0.295 0.030625 0.025
0 0.427187 0.745 0.030625 0.025
0 0.424687 0.273333 0.034375 0.028333
0 0.426563 0.320833 0.030625 0.025
0 0.462813 0.371667 0.030625 0.025
0 0.676562 0.1475 0.030625 0.025
0 0.428438 0.695833 0.030625 0.025
0 0.720938 0.598333 0.016875 0.038333
1 0.520938 0.70125 0.016875 0.040833
0 0.48125 0.297083 0.0175 0.040833
0 0.540937 0.6 0.016875 0.038333
0 0.681562 0.599167 0.016875 0.038333
0 0.787188 0.5725 0.029375 0.021667
0 0.845 0.52 0.01875 0.041667
0 0.620625 0.84 0.0175 0.04
0 0.544375 0.984167 0.03 0.023333
0 0.41 0.960833 0.01875 0.045
4 0.436563 0.839583 0.058125 0.054167
0 0.8075 0.645 0.0925 0.07
4 0.434063 0.48875 0.128125 0.170833
0 0.567813 0.840833 0.051875 0.125
4 0.664375 0.362083 0.2575 0.340833
3 0.946562 0.41 0.024375 0.065
3 0.943438 0.122083 0.024375 0.060833
3 0.944688 0.267917 0.024375 0.060833
4 0.711562 0.8375 0.115625 0.155
