1 0.578438 0.840417 0.090625 0.070833
1 0.392813 0.84125 0.090625 0.070833
1 0.70625 0.947917 0.03375 0.080833
1 0.913125 0.762083 0.03625 0.0825
0 0.6125 0.031667 0.09625 0.063333
0 0.560312 0.59625 0.055625 0.0425
0 0.403438 0.38875 0.055625 0.0425
0 0.403438 0.489583 0.055625 0.0425
0 0.404687 0.60125 0.055625 0.0425
0 0.953438 0.532917 0.031875 0.079167
1 0.572812 0.707917 0.090625 0.070833
1 0.392813 0.71125 0.090625 0.070833
3 0.84875 0.932917 0.1625 0.100833
5 0.808438 0.513333 0.125625 0.103333
5 0.754687 0.740417 0.074375 0.164167
3 0.795312 0.25 0.169375 0.103333
4 0.395625 0.192083 0.125 0.235833
2 0.623437 0.438333 0.145625 0.143333
