0 0.119063 0.358333 0.118125 0.108333
0 0.126562 0.170833 0.185625 0.141667
2 0.587812 0.315 0.056875 0.133333
4 0.472813 0.184583 0.094375 0.1025
0 0.06375 0.5525 0.03125 0.076667
0 0.251563 0.61125 0.058125 0.045833
0 0.252188 0.71375 0.055625 0.040833
0 0.254375 0.81 0.05625 0.043333
0 0.374375 0.92375 0.03 0.0775
0 0.567813 0.924583 0.059375 0.049167
0 0.722812 0.92375 0.060625 0.050833
0 0.82125 0.53125 0.05375 0.0425
1 0.022187 0.78125 0.034375 0.080833
1 0.605938 0.770833 0.035625 0.078333
1 0.6825 0.76625 0.03375 0.080833
1 0.820937 0.633333 0.058125 0.046667
