0 0.349382 0.321312 0.007631 0.006722
0 0.293907 0.351835 0.007631 0.007449
0 0.294029 0.363826 0.006904 0.007086
0 0.306625 0.358012 0.004966 0.011446
0 0.302023 0.376544 0.007146 0.006722
0 0.312076 0.580578 0.007146 0.006722
0 0.319344 0.432867 0.004966 0.011083
0 0.350109 0.432867 0.004966 0.011083
0 0.358527 0.433412 0.004118 0.010356
0 0.373244 0.426781 0.007631 0.006177
0 0.385719 0.41379 0.004966 0.01181
0 0.312076 0.592024 0.007631 0.006722
0 0.332425 0.611828 0.004482 0.009993
0 0.336543 0.49246 0.004482 0.010719
0 0.385477 0.483376 0.004966 0.011083
0 0.314741 0.457758 0.004482 0.009993
0 0.290153 0.52044 0.004482 0.009993
0 0.299721 0.566588 0.004482 0.009993
0 0.294392 0.456486 0.007146 0.006722
0 0.29415 0.468659 0.007631 0.006722
0 0.319465 0.527889 0.007146 0.006722
0 0.319949 0.540789 0.007631 0.006722
0 0.312197 0.60456 0.007389 0.007086
0 0.262415 0.566225 0.007146 0.007086
0 0.278767 0.566225 0.007389 0.007086
0 0.251756 0.6131 0.007389 0.006722
0 0.325703 0.635447 0.013324 0.013626
0 0.36743 0.673238 0.010296 0.008903
0 0.390928 0.605105 0.007631 0.006722
0 0.390686 0.618732 0.006662 0.006722
0 0.390443 0.630723 0.006662 0.007086
0 0.373849 0.605287 0.006904 0.007086
0 0.326853 0.701036 0.01296 0.0129
0 0.46554 0.508448 0.004482 0.011083
0 0.474261 0.50863 0.004724 0.011446
0 0.559411 0.43432 0.004482 0.009993
0 0.451853 0.50109 0.011022 0.03016
0 0.376938 0.44395 0.019864 0.017624
0 0.323825 0.491824 0.011507 0.03016
0 0.324491 0.657794 0.020107 0.017987
1 0.363312 0.310956 0.004482 0.011446
1 0.371548 0.316043 0.004724 0.011083
1 0.386446 0.689589 0.004482 0.011446
1 0.395409 0.689408 0.004724 0.011083
1 0.391412 0.322039 0.007146 0.006722
1 0.391412 0.357922 0.007631 0.006177
1 0.391533 0.394713 0.007389 0.006722
1 0.405705 0.419604 0.005208 0.011083
1 0.292696 0.44186 0.007631 0.006177
1 0.310744 0.432504 0.004966 0.010356
1 0.322856 0.457576 0.004966 0.010356
1 0.377725 0.483012 0.004724 0.011083
1 0.393956 0.483376 0.004724 0.010356
1 0.407885 0.470385 0.007631 0.006177
1 0.407885 0.507358 0.007146 0.006722
1 0.342236 0.529706 0.007389 0.007086
1 0.304809 0.324037 0.004482 0.011446
1 0.313045 0.323855 0.004724 0.011083
1 0.266776 0.58512 0.004966 0.01181
1 0.27477 0.584393 0.004724 0.011083
1 0.30275 0.513354 0.007631 0.006722
1 0.297541 0.536791 0.004966 0.011083
1 0.306504 0.534793 0.006662 0.015807
1 0.371185 0.537518 0.004966 0.01181
1 0.379179 0.537882 0.004724 0.011083
1 0.251756 0.600291 0.007389 0.006177
1 0.336906 0.584757 0.004724 0.01181
1 0.359314 0.562409 0.004724 0.010719
1 0.39226 0.576036 0.010296 0.009993
1 0.372638 0.576036 0.010296 0.009993
1 0.373123 0.591842 0.010296 0.009993
1 0.392502 0.592206 0.010296 0.009993
1 0.387657 0.5377 0.004482 0.011446
1 0.395894 0.537518 0.004724 0.011083
1 0.367914 0.688863 0.01078 0.009993
1 0.324673 0.68214 0.007389 0.007086
1 0.288336 0.680323 0.007389 0.007086
1 0.306262 0.738554 0.01078 0.029797
1 0.458031 0.714844 0.006662 0.016897
1 0.530705 0.424873 0.006662 0.01617
1 0.494368 0.424873 0.006662 0.01617
1 0.550448 0.434139 0.004966 0.010356
1 0.677628 0.411973 0.008115 0.008176
1 0.665274 0.486646 0.005451 0.012173
1 0.673389 0.486646 0.005208 0.011446
1 0.681747 0.486828 0.005208 0.01181
1 0.677265 0.607467 0.007389 0.007086
3 0.693253 0.388354 0.006904 0.017624
3 0.693011 0.630723 0.006904 0.014717
3 0.673752 0.440861 0.011265 0.014353
0 0.50321 0.370458 0.007146 0.006177
0 0.521621 0.370458 0.007146 0.006177
4 0.512234 0.391624 0.021802 0.014717
3 0.28016 0.727562 0.016957 0.015807
2 0.276102 0.639262 0.006904 0.016897
2 0.275618 0.699764 0.006904 0.016897
4 0.288336 0.655251 0.01078 0.012173
2 0.367127 0.624364 0.016473 0.017987
4 0.391473 0.65407 0.01405 0.03016
4 0.312379 0.562137 0.01405 0.021076
4 0.296027 0.492278 0.013808 0.013263
4 0.356286 0.49246 0.026284 0.040153
4 0.346172 0.374182 0.056686 0.085938
4 0.295967 0.405977 0.027495 0.042696
3 0.408249 0.386355 0.00642 0.016533
3 0.408491 0.315134 0.00642 0.016533
3 0.408491 0.351653 0.00642 0.016533
3 0.344113 0.564408 0.018653 0.012536
3 0.348837 0.646166 0.019138 0.013626
5 0.347989 0.614735 0.01405 0.013626
5 0.353743 0.587754 0.008358 0.022166
