0 0.274687 0.230417 0.031875 0.0275
0 0.350938 0.230417 0.030625 0.025833
0 0.399062 0.048333 0.019375 0.043333
0 0.44375 0.231667 0.01875 0.041667
0 0.534062 0.072917 0.029375 0.0225
0 0.395313 0.690833 0.030625 0.023333
0 0.537188 0.126667 0.030625 0.023333
0 0.502188 0.2875 0.030625 0.023333
0 0.502188 0.334167 0.030625 0.023333
0 0.502188 0.384167 0.030625 0.023333
0 0.225938 0.421667 0.030625 0.023333
0 0.859688 0.485833 0.030625 0.023333
0 0.572187 0.77375 0.059375 0.0525
0 0.758125 0.66 0.04375 0.033333
0 0.561562 0.698333 0.030625 0.023333
0 0.785312 0.383333 0.030625 0.023333
0 0.860313 0.3825 0.030625 0.023333
0 0.860313 0.4375 0.030625 0.023333
2 0.755625 0.460417 0.0725 0.069167
2 0.3375 0.77 0.02625 0.066667
0 0.565937 0.507083 0.056875 0.050833
2 0.3375 0.526667 0.02625 0.066667
0 0.594063 0.413333 0.016875 0.041667
3 0.359063 0.884583 0.074375 0.059167
1 0.636563 0.081667 0.030625 0.026667
1 0.456562 0.015833 0.030625 0.026667
1 0.714688 0.213333 0.018125 0.04
1 0.613437 0.303333 0.019375 0.041667
1 0.330313 0.305417 0.018125 0.0425
1 0.293125 0.3075 0.01875 0.041667
1 0.226562 0.369583 0.031875 0.025833
1 0.879687 0.1125 0.019375 0.043333
1 0.432812 0.111667 0.019375 0.043333
1 0.769062 0.110833 0.019375 0.043333
1 0.805312 0.113333 0.019375 0.043333
1 0.842187 0.111667 0.019375 0.043333
1 0.840313 0.725417 0.019375 0.044167
1 0.881563 0.72375 0.018125 0.040833
1 0.758437 0.721667 0.044375 0.036667
1 0.477187 0.92625 0.048125 0.120833
1 0.474687 0.103333 0.026875 0.065
4 0.501563 0.210833 0.059375 0.08
3 0.645938 0.219583 0.081875 0.054167
5 0.691562 0.314167 0.036875 0.085
5 0.664687 0.423333 0.060625 0.048333
3 0.669687 0.55125 0.080625 0.055833
4 0.863125 0.58125 0.06125 0.1175
4 0.394062 0.59125 0.045625 0.049167
1 0.866563 0.328333 0.045625 0.036667
1 0.777813 0.33 0.045625 0.036667
1 0.865938 0.264167 0.045625 0.036667
1 0.777188 0.265833 0.045625 0.036667
1 0.561562 0.599167 0.091875 0.071667
