0 0.227187 0.692917 0.041875 0.0325
0 0.343438 0.68875 0.041875 0.0325
0 0.344062 0.772917 0.041875 0.0325
0 0.344062 0.847917 0.041875 0.0325
1 0.455313 0.079583 0.045625 0.035833
1 0.119063 0.43125 0.026875 0.060833
1 0.200313 0.272917 0.026875 0.060833
1 0.256563 0.272083 0.026875 0.060833
1 0.314688 0.27125 0.026875 0.060833
1 0.373437 0.270417 0.026875 0.060833
1 0.3525 0.607917 0.0675 0.055833
1 0.216875 0.60875 0.0675 0.055833
1 0.350625 0.509583 0.0675 0.055833
1 0.214375 0.51125 0.0675 0.055833
0 0.859688 0.08 0.024375 0.056667
0 0.921875 0.078333 0.025 0.058333
2 0.180625 0.8125 0.11125 0.108333
5 0.080312 0.587083 0.055625 0.125833
