0 0.539062 0.159583 0.025625 0.060833
0 0.745313 0.199167 0.044375 0.033333
0 0.751875 0.280833 0.0425 0.031667
0 0.34875 0.443333 0.04375 0.036667
0 0.464062 0.443333 0.044375 0.038333
0 0.609375 0.442917 0.025 0.059167
0 0.698125 0.52875 0.0425 0.0325
0 0.700625 0.600417 0.0425 0.0325
0 0.700313 0.676667 0.044375 0.033333
0 0.841875 0.719583 0.02375 0.0575
0 0.275938 0.737917 0.043125 0.0325
0 0.800312 0.86625 0.086875 0.080833
1 0.626875 0.11125 0.04625 0.035833
1 0.904687 0.207083 0.043125 0.035833
1 0.59125 0.256667 0.02875 0.061667
1 0.655312 0.244167 0.039375 0.093333
1 0.435312 0.558333 0.025625 0.061667
1 0.378437 0.561667 0.026875 0.061667
1 0.275938 0.65875 0.044375 0.035833
1 0.871563 0.550833 0.025625 0.06
2 0.449062 0.8975 0.039375 0.095
4 0.7 0.410833 0.09 0.121667
3 0.922813 0.420417 0.124375 0.079167
5 0.95125 0.73625 0.09375 0.0775
