1 0.691562 0.514167 0.025625 0.06
1 0.775625 0.668333 0.025 0.06
1 0.564063 0.575 0.045625 0.036667
0 0.568125 0.0175 0.04875 0.035
0 0.654687 0.051667 0.024375 0.061667
0 0.569063 0.089167 0.040625 0.033333
0 0.625625 0.16625 0.0425 0.034167
0 0.747812 0.514583 0.025625 0.0575
0 0.96625 0.512083 0.0225 0.059167
1 0.718125 0.67125 0.02375 0.055833
0 0.575937 0.664583 0.043125 0.0325
0 0.575937 0.740833 0.044375 0.035
0 0.874687 0.8825 0.023125 0.058333
0 0.790937 0.884167 0.079375 0.191667
4 0.582187 0.34625 0.195625 0.259167
4 0.589063 0.88625 0.089375 0.0775
