1 0.386875 0.285417 0.03625 0.0825
1 0.338438 0.48 0.060625 0.045
1 0.301875 0.303333 0.05375 0.126667
1 0.155 0.949167 0.035 0.078333
0 0.363125 0.037083 0.0325 0.074167
4 0.2425 0.0775 0.12 0.155
0 0.555312 0.035833 0.061875 0.048333
0 0.71125 0.034167 0.06 0.051667
0 0.180625 0.364167 0.05875 0.045
0 0.1725 0.255 0.05875 0.045
0 0.457813 0.415417 0.035625 0.080833
0 0.0225 0.663333 0.0325 0.076667
1 0.231875 0.947083 0.035 0.0775
0 0.4225 0.853333 0.05875 0.046667
0 0.421563 0.954583 0.058125 0.0425
0 0.134687 0.663333 0.104375 0.248333
4 0.404687 0.659167 0.120625 0.105
