5 0.528125 0.167917 0.04875 0.110833
4 0.563125 0.636667 0.39125 0.218333
1 0.779687 0.14125 0.029375 0.064167
1 0.741563 0.351667 0.051875 0.038333
1 0.307188 0.539167 0.068125 0.06
1 0.315 0.601667 0.06125 0.036667
1 0.309375 0.744583 0.05375 0.124167
0 0.842187 0.814583 0.031875 0.069167
1 0.360625 0.136667 0.0225 0.048333
1 0.33125 0.16 0.0225 0.048333
1 0.329375 0.228333 0.0225 0.048333
1 0.333125 0.299167 0.0225 0.048333
1 0.348125 0.421667 0.0225 0.048333
0 0.375625 0.425 0.0225 0.048333
1 0.358125 0.369583 0.03875 0.034167
1 0.475938 0.253333 0.025625 0.048333
0 0.638437 0.1225 0.033125 0.028333
0 0.706875 0.132917 0.0225 0.0425
0 0.734375 0.129583 0.0225 0.0425
0 0.758125 0.282083 0.0225 0.0425
0 0.752188 0.40125 0.030625 0.024167
1 0.670937 0.389583 0.024375 0.045833
0 0.642188 0.389583 0.024375 0.045833
0 0.559688 0.309583 0.095625 0.065833
0 0.544063 0.368333 0.034375 0.031667
0 0.544063 0.405 0.034375 0.031667
0 0.544063 0.441667 0.034375 0.031667
1 0.446875 0.369583 0.0225 0.0525
0 0.792188 0.514167 0.033125 0.028333
1 0.805937 0.549167 0.033125 0.028333
0 0.789375 0.739167 0.0225 0.05
0 0.778125 0.8075 0.0225 0.05
0 0.556875 0.985 0.03375 0.03
0 0.805625 0.808333 0.0225 0.05
0 0.806875 0.875 0.0225 0.05
1 0.769375 0.889167 0.0225 0.05
0 0.74125 0.911667 0.0225 0.05
0 0.710625 0.914167 0.0225 0.05
0 0.359063 0.95125 0.056875 0.0325
0 0.64625 0.889583 0.03375 0.0325
0 0.647813 0.96375 0.051875 0.0375
0 0.605313 0.873333 0.021875 0.048333
0 0.449062 0.925833 0.053125 0.136667
1 0.5575 0.945 0.03375 0.03
0 0.579063 0.874167 0.021875 0.048333
0 0.516563 0.97 0.021875 0.048333
0 0.64875 0.85375 0.03375 0.0325
0 0.389375 0.855417 0.03375 0.0325
0 0.388125 0.89125 0.03375 0.0325
