1 0.972187 0.075833 0.031875 0.076667
1 0.021562 0.110833 0.031875 0.076667
1 0.063437 0.11 0.031875 0.076667
1 0.105938 0.116667 0.031875 0.076667
1 0.147813 0.113333 0.031875 0.076667
1 0.208437 0.069167 0.031875 0.076667
1 0.263437 0.131667 0.031875 0.076667
1 0.341562 0.0925 0.031875 0.076667
1 0.386562 0.0925 0.031875 0.076667
1 0.709063 0.079167 0.031875 0.076667
1 0.754062 0.075 0.031875 0.076667
1 0.794687 0.078333 0.031875 0.076667
1 0.844063 0.080833 0.031875 0.076667
1 0.886563 0.078333 0.031875 0.076667
1 0.929063 0.079167 0.031875 0.076667
