5 0.109687 0.230833 0.050625 0.123333
0 0.654062 0.496667 0.099375 0.063333
0 0.749375 0.3925 0.05875 0.048333
0 0.66375 0.683333 0.0325 0.081667
1 0.334375 0.391667 0.03875 0.081667
1 0.503125 0.700833 0.0375 0.086667
1 0.606875 0.689167 0.0375 0.09
1 0.78375 0.799167 0.04 0.083333
1 0.880625 0.689167 0.065 0.053333
1 0.71125 0.959167 0.0375 0.081667
1 0.453125 0.933333 0.03625 0.083333
1 0.395 0.93 0.0375 0.086667
1 0.335625 0.935833 0.03875 0.088333
1 0.278125 0.94 0.0375 0.086667
1 0.223125 0.936667 0.04 0.086667
1 0.16625 0.935833 0.03625 0.088333
1 0.10375 0.939167 0.04 0.091667
1 0.04625 0.940833 0.0375 0.088333
2 0.921562 0.854583 0.154375 0.164167
