5 0.805312 0.04125 0.074375 0.0825
1 0.499063 0.080417 0.031875 0.079167
1 0.500313 0.192083 0.041875 0.0775
1 0.723125 0.127083 0.03 0.0675
0 0.850625 0.21375 0.145 0.105833
1 0.675312 0.301667 0.034375 0.076667
1 0.539062 0.3 0.055625 0.043333
1 0.524062 0.382083 0.034375 0.0775
0 0.566562 0.382083 0.031875 0.070833
0 0.825313 0.305 0.044375 0.04
0 0.824063 0.358333 0.048125 0.043333
0 0.825 0.416667 0.05 0.04
0 0.97625 0.337083 0.0275 0.0675
1 0.458437 0.56 0.098125 0.096667
1 0.467813 0.65875 0.078125 0.059167
1 0.458125 0.880417 0.0775 0.185833
