0 0.31 0.468333 0.035 0.08
0 0.368125 0.469167 0.03375 0.078333
1 0.65 0.40875 0.05625 0.1225
1 0.82 0.2275 0.035 0.083333
1 0.51625 0.6825 0.03625 0.086667
1 0.170625 0.7775 0.0375 0.09
1 0.239375 0.770833 0.0375 0.083333
1 0.936875 0.9225 0.03875 0.088333
1 0.824375 0.920833 0.0375 0.081667
1 0.294375 0.930833 0.03875 0.088333
1 0.35375 0.925833 0.0375 0.081667
1 0.765 0.925833 0.03875 0.088333
1 0.533125 0.925833 0.03875 0.088333
1 0.475625 0.925833 0.0375 0.081667
1 0.41125 0.925833 0.03875 0.088333
5 0.890938 0.035417 0.091875 0.070833
1 0.70625 0.920833 0.03875 0.088333
1 0.65 0.924167 0.0375 0.081667
1 0.590625 0.9275 0.03875 0.088333
1 0.881875 0.924167 0.03875 0.088333
