4 0.861875 0.52625 0.27375 0.3625
4 0.705313 0.032917 0.063125 0.0525
1 0.462187 0.43125 0.046875 0.0975
1 0.588437 0.307083 0.033125 0.070833
1 0.460938 0.10875 0.038125 0.079167
1 0.549375 0.839583 0.07 0.060833
5 0.477812 0.94 0.049375 0.11
0 0.86625 0.080833 0.0225 0.053333
1 0.550625 0.11 0.0225 0.053333
1 0.585 0.104167 0.0225 0.053333
1 0.620625 0.106667 0.0225 0.053333
1 0.653125 0.106667 0.0225 0.053333
0 0.540937 0.394583 0.030625 0.0825
0 0.937187 0.1325 0.054375 0.043333
0 0.87 0.92375 0.055 0.040833
0 0.919687 0.182083 0.038125 0.024167
0 0.905312 0.222083 0.038125 0.024167
0 0.838125 0.08 0.0225 0.053333
0 0.658125 0.409167 0.0225 0.053333
1 0.750625 0.221667 0.0225 0.053333
0 0.62875 0.629167 0.0225 0.053333
0 0.55 0.662083 0.0575 0.129167
0 0.575 0.4075 0.0225 0.053333
1 0.69875 0.86 0.0225 0.053333
1 0.613125 0.545833 0.0225 0.053333
0 0.905937 0.25875 0.038125 0.024167
0 0.538438 0.777083 0.038125 0.024167
1 0.662813 0.948333 0.038125 0.033333
1 0.725938 0.945 0.038125 0.033333
0 0.872812 0.830417 0.038125 0.029167
0 0.743437 0.794583 0.038125 0.029167
0 0.744062 0.834583 0.038125 0.029167
0 0.744687 0.867917 0.038125 0.029167
0 0.87 0.87375 0.055 0.040833
0 0.600625 0.63 0.0225 0.053333
1 0.6075 0.8625 0.0225 0.053333
1 0.635625 0.858333 0.0225 0.053333
1 0.668125 0.860833 0.0225 0.053333
0 0.603125 0.403333 0.0225 0.053333
0 0.67 0.218333 0.0225 0.053333
1 0.723125 0.221667 0.0225 0.053333
