5 0.520312 0.045 0.024375 0.06
5 0.449688 0.05625 0.044375 0.029167
5 0.502812 0.1425 0.023125 0.056667
1 0.335313 0.242083 0.028125 0.070833
0 0.393125 0.049167 0.03 0.03
1 0.609688 0.220417 0.021875 0.0475
1 0.415312 0.152917 0.021875 0.0475
0 0.170937 0.269583 0.021875 0.0475
1 0.269062 0.372083 0.021875 0.0475
1 0.105313 0.417917 0.021875 0.0475
1 0.137187 0.415417 0.021875 0.0475
1 0.164062 0.48875 0.021875 0.0475
1 0.190938 0.489583 0.021875 0.0475
1 0.220938 0.489583 0.021875 0.0475
1 0.250937 0.489583 0.021875 0.0475
1 0.278438 0.489583 0.021875 0.0475
1 0.305937 0.48875 0.021875 0.0475
1 0.333437 0.48875 0.021875 0.0475
1 0.361563 0.485417 0.021875 0.0475
1 0.389688 0.48875 0.021875 0.0475
1 0.419063 0.485417 0.021875 0.0475
1 0.447188 0.487917 0.021875 0.0475
1 0.474687 0.487083 0.021875 0.0475
1 0.501563 0.487083 0.021875 0.0475
1 0.529062 0.48125 0.021875 0.0475
1 0.558438 0.48375 0.021875 0.0475
1 0.585313 0.48375 0.021875 0.0475
1 0.612187 0.482917 0.021875 0.0475
1 0.640312 0.482083 0.021875 0.0475
1 0.667813 0.484583 0.021875 0.0475
1 0.715313 0.500417 0.021875 0.0475
1 0.692187 0.370417 0.021875 0.0475
1 0.744062 0.360417 0.021875 0.0475
0 0.771563 0.360417 0.021875 0.0475
1 0.828438 0.41125 0.021875 0.0475
1 0.795312 0.490417 0.021875 0.0475
1 0.827187 0.510417 0.021875 0.0475
0 0.963437 0.452917 0.021875 0.0475
0 0.990313 0.2025 0.016875 0.046667
1 0.966562 0.2825 0.018125 0.046667
1 0.935937 0.298333 0.018125 0.046667
0 0.812813 0.217083 0.034375 0.020833
0 0.7675 0.270833 0.05 0.036667
1 0.937187 0.352083 0.035625 0.025833
0 0.199063 0.269583 0.021875 0.0475
1 0.877812 0.36125 0.035625 0.025833
