0 0.032188 0.156667 0.055625 0.04
0 0.24375 0.521667 0.0275 0.068333
0 0.1275 0.015 0.03625 0.023333
0 0.140313 0.070417 0.050625 0.035833
0 0.1775 0.776667 0.0525 0.036667
1 0.109687 0.2225 0.021875 0.05
0 0.134063 0.219167 0.021875 0.05
0 0.167813 0.4725 0.021875 0.05
0 0.224062 0.859167 0.020625 0.05
0 0.01625 0.205 0.03 0.026667
0 0.86875 0.639167 0.03 0.026667
0 0.178125 0.690833 0.03 0.026667
1 0.104688 0.835 0.033125 0.031667
0 0.180625 0.728333 0.03 0.026667
0 0.199687 0.474167 0.021875 0.05
0 0.179375 0.653333 0.03 0.026667
0 0.75125 0.549167 0.03 0.026667
0 0.86 0.555417 0.05125 0.0375
0 0.751875 0.625833 0.03 0.026667
1 0.955625 0.620833 0.03 0.026667
0 0.75125 0.59 0.03 0.026667
0 0.8675 0.6025 0.03 0.026667
1 0.281562 0.555833 0.031875 0.07
1 0.262188 0.872083 0.029375 0.069167
1 0.520312 0.920833 0.034375 0.078333
1 0.246875 0.672917 0.04375 0.089167
