1 0.535937 0.53125 0.064375 0.050833
5 0.641563 0.267083 0.035625 0.084167
0 0.348438 0.04625 0.054375 0.034167
0 0.637188 0.059583 0.053125 0.039167
1 0.55875 0.194167 0.0325 0.021667
0 0.38625 0.209167 0.0325 0.021667
1 0.845625 0.29125 0.0325 0.025833
0 0.505313 0.068333 0.016875 0.041667
0 0.544375 0.085 0.0325 0.021667
0 0.365938 0.14875 0.098125 0.0675
0 0.530312 0.25125 0.058125 0.050833
0 0.642188 0.18125 0.058125 0.050833
0 0.601562 0.12125 0.049375 0.0425
1 0.545625 0.043333 0.0325 0.021667
0 0.732187 0.373333 0.020625 0.041667
0 0.517188 0.153333 0.016875 0.041667
1 0.72 0.09125 0.0325 0.024167
1 0.8075 0.425 0.0325 0.021667
1 0.845 0.252083 0.0325 0.025833
1 0.705313 0.245 0.020625 0.041667
1 0.625938 0.5 0.020625 0.041667
0 0.78875 0.294167 0.0325 0.021667
1 0.773438 0.3725 0.020625 0.041667
1 0.860938 0.483333 0.020625 0.041667
1 0.834063 0.4875 0.020625 0.041667
1 0.784062 0.5075 0.020625 0.041667
1 0.747812 0.468333 0.020625 0.041667
1 0.707187 0.5 0.020625 0.041667
1 0.680312 0.5 0.020625 0.041667
1 0.654062 0.5 0.020625 0.041667
1 0.532188 0.35875 0.064375 0.050833
