1 0.824688 0.147917 0.034375 0.0775
1 0.020313 0.097917 0.034375 0.0775
1 0.060312 0.095417 0.034375 0.0775
1 0.102813 0.092083 0.034375 0.0775
1 0.144687 0.09875 0.034375 0.0775
1 0.190312 0.095417 0.034375 0.0775
1 0.233437 0.09625 0.034375 0.0775
1 0.275938 0.09875 0.034375 0.0775
1 0.320937 0.09625 0.034375 0.0775
1 0.360938 0.095417 0.034375 0.0775
1 0.405938 0.09875 0.034375 0.0775
1 0.450313 0.099583 0.034375 0.0775
1 0.490938 0.095417 0.034375 0.0775
1 0.535312 0.094583 0.034375 0.0775
1 0.577812 0.097917 0.034375 0.0775
1 0.648438 0.125417 0.034375 0.0775
1 0.769062 0.115417 0.034375 0.0775
