0 0.3254 0.202852 0.012718 0.034339
0 0.347929 0.229197 0.022408 0.017624
0 0.343568 0.196675 0.006662 0.01835
0 0.354227 0.208485 0.004966 0.01181
0 0.361131 0.20903 0.004966 0.010719
0 0.324552 0.257358 0.007873 0.007086
0 0.33945 0.254088 0.007389 0.007086
0 0.318496 0.302144 0.009084 0.021439
0 0.329639 0.2877 0.00642 0.017624
0 0.336119 0.268078 0.004118 0.011446
0 0.355802 0.358739 0.007631 0.006722
0 0.380753 0.352562 0.007873 0.007086
0 0.353864 0.301145 0.004724 0.011446
0 0.360283 0.301508 0.004724 0.011446
0 0.357255 0.276435 0.007631 0.006722
0 0.357376 0.286065 0.007873 0.007086
0 0.376635 0.576762 0.007631 0.006722
0 0.377241 0.596748 0.007873 0.007086
0 0.64226 0.410338 0.007389 0.006722
0 0.64226 0.422148 0.007873 0.007086
0 0.340419 0.300963 0.006904 0.017624
0 0.283612 0.333303 0.007631 0.007086
0 0.29742 0.354379 0.004724 0.01181
0 0.366703 0.371094 0.012234 0.010356
0 0.420664 0.355287 0.004118 0.01181
0 0.458636 0.272075 0.011749 0.035065
0 0.448098 0.266988 0.004482 0.011446
0 0.441679 0.266443 0.004966 0.01181
0 0.434593 0.266806 0.004118 0.011083
0 0.443859 0.301871 0.007389 0.006722
0 0.438893 0.205941 0.007146 0.006722
0 0.34914 0.323674 0.007631 0.006722
0 0.349503 0.334393 0.007873 0.007086
0 0.342963 0.538245 0.004482 0.01181
0 0.356529 0.53879 0.004724 0.011083
0 0.304203 0.458121 0.007631 0.006722
0 0.304082 0.468114 0.007873 0.007086
0 0.376999 0.586755 0.007873 0.007086
0 0.363312 0.579488 0.004482 0.011446
0 0.301659 0.670149 0.006904 0.017624
0 0.310744 0.686864 0.004966 0.012536
0 0.312561 0.751453 0.007631 0.006177
0 0.285429 0.671512 0.007873 0.006177
0 0.267502 0.739916 0.007873 0.006722
0 0.45694 0.698855 0.004966 0.012173
0 0.463239 0.698674 0.004724 0.01181
0 0.471354 0.697947 0.007389 0.017987
0 0.509508 0.701217 0.004482 0.011083
0 0.506844 0.681414 0.004482 0.011446
0 0.506601 0.643078 0.005208 0.0129
0 0.452701 0.630723 0.004966 0.012536
0 0.476441 0.759902 0.004724 0.011446
0 0.576126 0.3373 0.004724 0.01181
0 0.60992 0.413608 0.004482 0.01181
0 0.625908 0.618005 0.004482 0.01181
0 0.609314 0.659248 0.004724 0.01181
0 0.616097 0.659248 0.004482 0.01181
0 0.624455 0.656704 0.006904 0.017987
0 0.612221 0.617823 0.004724 0.01181
0 0.619004 0.617823 0.004482 0.01181
0 0.534581 0.540062 0.004724 0.01181
0 0.541364 0.540062 0.004482 0.01181
0 0.587512 0.216842 0.004724 0.01181
0 0.559654 0.33512 0.006662 0.017987
0 0.367793 0.348383 0.007631 0.006722
0 0.367672 0.358376 0.007873 0.007086
0 0.489402 0.326581 0.007631 0.006722
0 0.489523 0.336573 0.007873 0.007086
0 0.491582 0.302416 0.004724 0.01181
0 0.588481 0.412882 0.006177 0.017987
0 0.568496 0.335483 0.006662 0.017987
0 0.603379 0.413245 0.004724 0.01181
0 0.59696 0.413972 0.004724 0.01181
0 0.699673 0.363281 0.006662 0.01835
0 0.691073 0.357467 0.004724 0.01181
0 0.583031 0.29097 0.004724 0.01181
0 0.607861 0.222656 0.023377 0.01944
0 0.655826 0.219568 0.012234 0.011083
0 0.613675 0.240643 0.007631 0.006722
0 0.613554 0.250636 0.007873 0.007086
0 0.652313 0.261537 0.007631 0.007086
0 0.686228 0.267169 0.007631 0.007449
0 0.653404 0.232104 0.007389 0.006722
0 0.653404 0.24246 0.007873 0.007086
0 0.750182 0.27044 0.007389 0.006722
0 0.750424 0.283703 0.007873 0.007086
0 0.750424 0.295149 0.007389 0.006722
0 0.750424 0.308049 0.007873 0.007086
0 0.733467 0.337845 0.007389 0.006722
0 0.733467 0.351472 0.007873 0.007086
0 0.71009 0.327852 0.007389 0.006722
0 0.709847 0.338209 0.007873 0.007086
0 0.575884 0.290607 0.004724 0.01181
0 0.569949 0.290607 0.004724 0.01181
0 0.684411 0.351472 0.004724 0.01181
0 0.677992 0.351108 0.004724 0.01181
0 0.688045 0.3998 0.007873 0.006722
0 0.714087 0.40307 0.00642 0.01835
0 0.724261 0.399073 0.004724 0.01181
0 0.63366 0.438318 0.011991 0.009993
0 0.441315 0.340934 0.004724 0.011446
0 0.328064 0.794059 0.005208 0.01181
0 0.31789 0.795512 0.007389 0.01835
0 0.351199 0.80169 0.007631 0.007086
3 0.302083 0.301508 0.014535 0.014353
3 0.535187 0.252089 0.007146 0.01726
3 0.535429 0.223746 0.007146 0.01726
4 0.719053 0.280887 0.009569 0.022529
4 0.399649 0.271893 0.041788 0.14226
4 0.382267 0.70149 0.106831 0.159157
4 0.629966 0.334666 0.066618 0.099564
4 0.556928 0.664971 0.065891 0.206759
1 0.343811 0.268805 0.005208 0.0129
1 0.263263 0.379451 0.008842 0.007449
1 0.263263 0.369095 0.008842 0.007449
1 0.283854 0.348565 0.008842 0.007449
1 0.273559 0.360374 0.005208 0.012536
1 0.30711 0.324219 0.008358 0.007449
1 0.334363 0.330578 0.004966 0.012536
1 0.439135 0.195948 0.008115 0.007086
1 0.448583 0.200491 0.004966 0.01181
1 0.461422 0.191225 0.0086 0.007449
1 0.47414 0.191043 0.008358 0.007086
1 0.486616 0.191043 0.008358 0.007086
1 0.490128 0.201762 0.008115 0.007086
1 0.468811 0.243005 0.0086 0.007812
1 0.448583 0.232104 0.008358 0.007449
1 0.533854 0.198674 0.008115 0.006722
1 0.298147 0.374546 0.005208 0.012173
1 0.305172 0.374909 0.004966 0.012173
1 0.55602 0.261537 0.005208 0.012536
1 0.443496 0.312046 0.008115 0.007449
1 0.544755 0.284611 0.005208 0.012173
1 0.555899 0.283521 0.004966 0.012173
1 0.474019 0.638354 0.008842 0.007449
1 0.264474 0.614735 0.008842 0.007449
1 0.26399 0.60456 0.008842 0.007449
1 0.264232 0.594931 0.008842 0.007449
1 0.26617 0.338209 0.008842 0.007449
1 0.259266 0.351108 0.008842 0.007449
1 0.353137 0.345113 0.008115 0.007812
1 0.261688 0.678688 0.007631 0.007449
1 0.260719 0.651617 0.008115 0.007812
1 0.284218 0.643623 0.008358 0.007812
1 0.295845 0.730105 0.0086 0.007086
1 0.298268 0.74137 0.008358 0.007449
1 0.257934 0.691043 0.007873 0.007086
1 0.275497 0.69177 0.0086 0.007086
1 0.285671 0.729742 0.004966 0.012173
1 0.260598 0.323855 0.008842 0.007449
1 0.260841 0.314226 0.008842 0.007449
1 0.261083 0.304415 0.008842 0.007449
1 0.261325 0.294786 0.008842 0.007449
1 0.264717 0.545149 0.008842 0.007449
1 0.264474 0.535156 0.008842 0.007449
1 0.264595 0.524982 0.008842 0.007449
1 0.32431 0.546057 0.008842 0.007449
1 0.264474 0.515352 0.008842 0.007449
1 0.264232 0.50536 0.008842 0.007449
1 0.264232 0.495549 0.008842 0.007449
1 0.264474 0.485556 0.008842 0.007449
1 0.264474 0.47411 0.008842 0.007449
1 0.264717 0.46448 0.008842 0.007449
1 0.264353 0.454306 0.008842 0.007449
1 0.264474 0.585302 0.008842 0.007449
1 0.264232 0.575309 0.008842 0.007449
1 0.264232 0.564771 0.008842 0.007449
1 0.26399 0.555142 0.008842 0.007449
1 0.474019 0.627998 0.008842 0.007449
1 0.277677 0.432867 0.008842 0.007449
1 0.278161 0.44504 0.008842 0.007449
1 0.28555 0.493005 0.008842 0.007449
1 0.356529 0.578579 0.005208 0.012536
1 0.363312 0.550236 0.004966 0.012173
1 0.394804 0.58621 0.007873 0.008176
1 0.264474 0.635084 0.008842 0.007449
1 0.264474 0.625091 0.008842 0.007449
1 0.464087 0.726108 0.004966 0.013626
1 0.457183 0.729742 0.004482 0.0129
1 0.46663 0.756632 0.005208 0.012173
1 0.460938 0.772438 0.0086 0.007812
1 0.476078 0.777162 0.008358 0.007449
1 0.509145 0.791152 0.009811 0.007449
1 0.529009 0.80169 0.0086 0.007086
1 0.611979 0.690498 0.004482 0.01181
1 0.464087 0.658339 0.0086 0.007812
1 0.730317 0.399618 0.004482 0.010719
1 0.688045 0.390898 0.007873 0.006722
1 0.727653 0.250636 0.007631 0.007449
1 0.72741 0.263354 0.008115 0.007086
1 0.727653 0.225563 0.007631 0.007449
1 0.727653 0.237918 0.008115 0.007086
1 0.627846 0.245004 0.007873 0.007449
1 0.571766 0.263899 0.007631 0.007449
1 0.571524 0.274437 0.008115 0.007086
1 0.571766 0.241733 0.007631 0.007449
1 0.572008 0.252271 0.008115 0.007086
1 0.685501 0.286791 0.007631 0.007449
1 0.685744 0.296602 0.008115 0.007086
1 0.706819 0.2252 0.007631 0.007449
1 0.706819 0.237191 0.008115 0.007086
1 0.706577 0.250273 0.007631 0.007449
1 0.706335 0.262264 0.008115 0.007086
1 0.578307 0.38581 0.004966 0.012536
1 0.287125 0.261446 0.009811 0.022529
1 0.255875 0.262355 0.010053 0.022892
1 0.533975 0.286701 0.009811 0.021439
1 0.487706 0.352925 0.011507 0.010356
1 0.418544 0.180596 0.009811 0.022166
1 0.406674 0.182867 0.006662 0.016533
1 0.308806 0.516624 0.011749 0.009629
1 0.572735 0.787155 0.006662 0.01726
1 0.60671 0.438499 0.014293 0.014717
1 0.544513 0.52262 0.011749 0.010719
1 0.56147 0.534066 0.011749 0.010719
1 0.570555 0.441588 0.011265 0.009993
1 0.757449 0.24355 0.011265 0.009993
1 0.626999 0.450491 0.011265 0.009993
1 0.73165 0.421784 0.011265 0.009993
1 0.670967 0.237918 0.011265 0.009993
1 0.706577 0.193041 0.011265 0.009993
1 0.649467 0.191951 0.014293 0.014717
1 0.449915 0.337664 0.006662 0.01726
1 0.575521 0.220385 0.009811 0.022166
1 0.381298 0.180505 0.021802 0.01835
5 0.340419 0.55823 0.005935 0.01835
5 0.324915 0.577489 0.011265 0.008903
5 0.342599 0.583666 0.011265 0.008903
5 0.484012 0.2619 0.019864 0.019077
5 0.557049 0.194677 0.02156 0.017987
