0 0.5875 0.46 0.03625 0.083333
0 0.625 0.608333 0.03625 0.083333
0 0.56625 0.610833 0.03625 0.085
0 0.6975 0.62125 0.0525 0.1325
0 0.62625 0.750833 0.03375 0.083333
0 0.489375 0.8225 0.04 0.093333
0 0.294687 0.935 0.098125 0.073333
0 0.424375 0.828333 0.03625 0.085
0 0.2975 0.779167 0.05875 0.046667
0 0.295625 0.703333 0.0625 0.048333
0 0.209375 0.74 0.0375 0.081667
0 0.15125 0.740833 0.03625 0.083333
0 0.02375 0.946667 0.035 0.08
1 0.10875 0.895 0.0675 0.05
1 0.6275 0.075833 0.06375 0.051667
1 0.546875 0.781667 0.0375 0.085
