1 0.5875 0.110417 0.05625 0.124167
1 0.503437 0.550833 0.094375 0.075
1 0.36 0.625 0.0375 0.09
1 0.6375 0.960833 0.06625 0.055
0 0.29625 0.0725 0.06125 0.048333
0 0.435625 0.096667 0.03625 0.083333
0 0.493125 0.090833 0.035 0.088333
0 0.540625 0.408333 0.0375 0.083333
0 0.298125 0.624167 0.03625 0.085
0 0.52375 0.65 0.06125 0.048333
0 0.60625 0.885833 0.06125 0.045
0 0.094375 0.58 0.05875 0.046667
0 0.093125 0.654167 0.06125 0.046667
0 0.09625 0.733333 0.06 0.045
0 0.127812 0.45875 0.203125 0.1375
5 0.065 0.165 0.1 0.23
