4 0.420625 0.396667 0.12 0.098333
1 0.319375 0.545 0.0375 0.091667
1 0.246875 0.543333 0.0375 0.091667
1 0.515 0.780833 0.0375 0.091667
1 0.460625 0.790833 0.0375 0.091667
1 0.319375 0.3025 0.0375 0.091667
1 0.246875 0.300833 0.0375 0.091667
1 0.1725 0.305833 0.0375 0.091667
1 0.1025 0.304167 0.0375 0.091667
1 0.175 0.548333 0.0375 0.091667
1 0.10375 0.551667 0.0375 0.091667
0 0.349375 0.78125 0.035 0.080833
0 0.904062 0.61625 0.095625 0.069167
0 0.835938 0.789167 0.058125 0.048333
0 0.837187 0.866667 0.058125 0.048333
0 0.868437 0.71 0.058125 0.048333
0 0.83 0.220417 0.03375 0.079167
0 0.751875 0.222083 0.03375 0.079167
0 0.755625 0.49625 0.03375 0.079167
0 0.6975 0.497917 0.03375 0.079167
0 0.36 0.04125 0.035 0.079167
