0 0.026875 0.06875 0.05 0.035833
0 0.025625 0.128333 0.0475 0.043333
0 0.026875 0.182917 0.0475 0.034167
0 0.224375 0.122917 0.06 0.044167
0 0.217188 0.194167 0.079375 0.063333
0 0.219062 0.2675 0.083125 0.056667
1 0.433437 0.10375 0.053125 0.045833
0 0.551875 0.025417 0.085 0.049167
0 0.620625 0.145833 0.03 0.073333
0 0.078437 0.855417 0.053125 0.040833
0 0.180938 0.87375 0.033125 0.0725
0 0.224375 0.870833 0.03 0.066667
1 0.674687 0.167917 0.044375 0.104167
1 0.295938 0.887083 0.046875 0.0975
