1 0.12125 0.3275 0.065 0.053333
1 0.455625 0.114167 0.06375 0.055
1 0.42375 0.43 0.04 0.09
1 0.566875 0.6975 0.035 0.083333
1 0.635625 0.8075 0.065 0.05
1 0.715 0.446667 0.06 0.05
1 0.714375 0.53 0.06125 0.05
1 0.691875 0.934167 0.03875 0.085
1 0.74875 0.93 0.04 0.086667
1 0.51 0.895 0.03625 0.083333
1 0.430625 0.96 0.03875 0.08
1 0.3725 0.96 0.04 0.08
1 0.31625 0.9575 0.04 0.085
1 0.26 0.9575 0.03875 0.085
1 0.065937 0.665833 0.121875 0.106667
0 0.015625 0.059167 0.03125 0.078333
0 0.094375 0.101667 0.06375 0.046667
0 0.283438 0.0475 0.098125 0.071667
0 0.210938 0.173333 0.095625 0.068333
0 0.293438 0.3 0.123125 0.105
0 0.035 0.235833 0.0375 0.083333
0 0.062812 0.4475 0.118125 0.105
0 0.478125 0.700833 0.035 0.08
0 0.599375 0.5375 0.06 0.045
5 0.2925 0.48875 0.0775 0.169167
