0 0.356563 0.107083 0.043125 0.1025
0 0.258437 0.101667 0.034375 0.07
0 0.301563 0.101667 0.035625 0.07
0 0.301875 0.20375 0.03 0.070833
1 0.245 0.227083 0.0325 0.089167
0 0.197813 0.257917 0.030625 0.0725
0 0.155 0.26125 0.0325 0.0725
0 0.055938 0.16875 0.051875 0.035833
0 0.059062 0.22375 0.049375 0.0375
0 0.056563 0.34 0.079375 0.06
0 0.0625 0.527083 0.095 0.084167
1 0.18375 0.392083 0.055 0.039167
0 0.734688 0.64625 0.031875 0.069167
0 0.778438 0.64625 0.029375 0.0675
1 0.374063 0.637083 0.050625 0.044167
1 0.374063 0.701667 0.050625 0.053333
1 0.159688 0.624583 0.035625 0.0725
0 0.287187 0.705833 0.059375 0.04
0 0.196875 0.827917 0.03 0.065833
1 0.2625 0.822083 0.035 0.0675
1 0.314688 0.91 0.059375 0.046667
1 0.220312 0.96875 0.031875 0.054167
1 0.628125 0.87625 0.0325 0.079167
1 0.678438 0.869583 0.035625 0.074167
1 0.887188 0.8075 0.031875 0.073333
1 0.982812 0.604583 0.031875 0.104167
5 0.060312 0.664167 0.061875 0.13
