1 0.800937 0.779167 0.091875 0.083333
5 0.970938 0.649583 0.055625 0.1275
0 0.570937 0.144167 0.045625 0.043333
0 0.569063 0.2 0.050625 0.04
0 0.521563 0.291667 0.076875 0.053333
0 0.545 0.447083 0.15125 0.1075
0 0.577187 0.542083 0.056875 0.039167
0 0.657813 0.257083 0.078125 0.1925
0 0.860625 0.17375 0.03 0.069167
0 0.905 0.17375 0.03 0.0675
0 0.966562 0.147083 0.051875 0.0425
0 0.967812 0.199583 0.051875 0.039167
1 0.829063 0.290417 0.050625 0.0425
0 0.764375 0.327917 0.0325 0.0625
0 0.823438 0.35625 0.054375 0.0325
0 0.910312 0.415 0.074375 0.063333
0 0.964375 0.317917 0.0675 0.050833
1 0.844063 0.524583 0.050625 0.045833
0 0.780312 0.455 0.030625 0.073333
0 0.80125 0.615417 0.0925 0.0825
