4 0.2325 0.04375 0.095 0.074167
0 0.590938 0.207083 0.086875 0.060833
1 0.045312 0.1525 0.039375 0.076667
1 0.100937 0.153333 0.039375 0.076667
1 0.154062 0.156667 0.039375 0.076667
0 0.435312 0.116667 0.039375 0.076667
0 0.482812 0.1175 0.039375 0.076667
0 0.815 0.977917 0.05 0.040833
0 0.763437 0.08125 0.086875 0.060833
0 0.56375 0.281667 0.065 0.046667
0 0.541875 0.340833 0.065 0.046667
0 0.540312 0.396667 0.056875 0.046667
0 0.174063 0.332917 0.033125 0.0675
1 0.258437 0.339583 0.033125 0.0675
1 0.299063 0.332083 0.033125 0.0675
1 0.710313 0.309583 0.033125 0.0675
0 0.749687 0.30875 0.033125 0.0675
0 0.025937 0.617917 0.033125 0.0675
0 0.070312 0.617083 0.033125 0.0675
0 0.154688 0.62625 0.033125 0.0675
1 0.082812 0.835417 0.033125 0.0675
0 0.065312 0.95875 0.033125 0.0675
0 0.108438 0.95875 0.033125 0.0675
0 0.797188 0.702083 0.033125 0.0675
0 0.846562 0.702917 0.033125 0.0675
0 0.917813 0.784583 0.049375 0.125833
1 0.050625 0.46375 0.05 0.114167
1 0.97125 0.830833 0.0425 0.11
