3 0.107188 0.72625 0.071875 0.049167
1 0.908125 0.094583 0.06625 0.135833
1 0.256875 0.735417 0.09875 0.094167
1 0.925 0.41125 0.045 0.104167
0 0.870313 0.389167 0.033125 0.075
0 0.054062 0.04875 0.034375 0.0725
0 0.097812 0.052083 0.034375 0.0725
1 0.059687 0.412917 0.034375 0.0725
1 0.105313 0.407917 0.034375 0.0725
1 0.155312 0.41125 0.034375 0.0725
1 0.203437 0.410417 0.034375 0.0725
1 0.148125 0.545417 0.06625 0.044167
1 0.245 0.55125 0.06625 0.044167
1 0.2475 0.639583 0.06625 0.044167
0 0.274687 0.426667 0.055625 0.036667
0 0.272188 0.374167 0.055625 0.036667
0 0.272188 0.313333 0.055625 0.036667
0 0.476562 0.36875 0.055625 0.040833
0 0.466875 0.435833 0.08375 0.058333
0 0.470625 0.513333 0.08375 0.058333
0 0.800625 0.259167 0.08375 0.058333
0 0.805937 0.18375 0.061875 0.040833
0 0.803438 0.129583 0.061875 0.040833
0 0.805937 0.072083 0.061875 0.040833
