1 0.0725 0.298333 0.12375 0.111667
3 0.262188 0.762917 0.098125 0.079167
3 0.096562 0.76625 0.098125 0.079167
1 0.460625 0.7675 0.1175 0.108333
1 0.447813 0.645833 0.063125 0.048333
1 0.312812 0.52 0.063125 0.048333
1 0.441563 0.518333 0.063125 0.048333
0 0.736563 0.367917 0.098125 0.0675
0 0.740313 0.469583 0.098125 0.0675
0 0.481563 0.355 0.064375 0.048333
0 0.746563 0.2775 0.064375 0.048333
0 0.480938 0.205 0.064375 0.048333
0 0.479063 0.2875 0.064375 0.048333
1 0.19625 0.34125 0.0375 0.0875
1 0.386875 0.339583 0.0375 0.0875
1 0.32375 0.33625 0.0375 0.0875
1 0.258125 0.337917 0.0375 0.0875
