1 0.793125 0.184583 0.0325 0.0275
0 0.685 0.031667 0.03625 0.03
0 0.84375 0.22375 0.055 0.039167
0 0.564688 0.76 0.021875 0.046667
1 0.645 0.214167 0.02375 0.046667
1 0.6725 0.215 0.02375 0.046667
1 0.730625 0.271667 0.02375 0.046667
0 0.79125 0.03 0.03625 0.03
1 0.655 0.333333 0.03625 0.03
0 0.403125 0.955833 0.03625 0.03
0 0.845 0.306667 0.03625 0.03
0 0.84375 0.270833 0.03625 0.03
1 0.92375 0.260833 0.03625 0.03
1 0.935625 0.301667 0.03625 0.03
1 0.533125 0.66 0.02375 0.046667
0 0.508437 0.765833 0.021875 0.046667
0 0.536563 0.760833 0.021875 0.046667
1 0.43375 0.838333 0.03625 0.03
0 0.514375 0.8375 0.03625 0.03
1 0.515 0.874167 0.03625 0.03
0 0.4025 0.880833 0.03625 0.03
3 0.532188 0.953333 0.026875 0.058333
3 0.459375 0.96625 0.045 0.035833
