0 0.332813 0.039167 0.028125 0.066667
0 0.377188 0.033333 0.034375 0.06
0 0.419687 0.035417 0.028125 0.059167
1 0.221562 0.1525 0.055625 0.046667
0 0.344687 0.152917 0.050625 0.044167
1 0.342187 0.208333 0.054375 0.043333
0 0.170937 0.213333 0.046875 0.04
0 0.170313 0.331667 0.048125 0.043333
1 0.201563 0.49375 0.033125 0.075833
1 0.503437 0.60375 0.028125 0.0725
0 0.814063 0.605833 0.051875 0.043333
0 0.742188 0.68375 0.084375 0.055833
1 0.627188 0.837083 0.031875 0.084167
1 0.70625 0.82625 0.035 0.0775
0 0.749062 0.823333 0.038125 0.07
1 0.837812 0.907917 0.035625 0.0675
1 0.910937 0.827917 0.053125 0.045833
1 0.075938 0.624583 0.045625 0.094167
5 0.255312 0.34875 0.071875 0.0525
5 0.365 0.325417 0.0375 0.090833
5 0.335938 0.48125 0.039375 0.095833
