0 0.617812 0.017083 0.048125 0.0325
0 0.934063 0.047083 0.048125 0.039167
0 0.934375 0.107917 0.0525 0.040833
0 0.934063 0.16 0.046875 0.033333
1 0.865313 0.149583 0.028125 0.070833
1 0.817813 0.147083 0.034375 0.074167
1 0.768437 0.149167 0.030625 0.073333
1 0.723437 0.14875 0.036875 0.0775
1 0.810312 0.28375 0.053125 0.040833
1 0.90625 0.283333 0.0575 0.043333
1 0.90875 0.37875 0.0525 0.044167
1 0.631563 0.11625 0.096875 0.090833
5 0.524375 0.2775 0.0775 0.181667
1 0.540625 0.475 0.0325 0.07
3 0.648438 0.463333 0.070625 0.056667
3 0.770625 0.462083 0.07 0.059167
1 0.918125 0.470833 0.0925 0.085
1 0.5575 0.850833 0.02875 0.068333
5 0.814688 0.899167 0.076875 0.176667
1 0.510938 0.880833 0.033125 0.071667
