5 0.046875 0.099167 0.0775 0.061667
1 0.169687 0.1225 0.074375 0.056667
1 0.309688 0.102083 0.043125 0.095833
1 0.374375 0.098333 0.04375 0.098333
1 0.501875 0.0975 0.04625 0.098333
1 0.66125 0.089167 0.07125 0.056667
1 0.9525 0.109167 0.0725 0.058333
0 0.95 0.18875 0.0725 0.059167
0 0.954375 0.28 0.0725 0.058333
1 0.559063 0.252917 0.044375 0.095833
0 0.40125 0.354167 0.05375 0.113333
0 0.17375 0.394167 0.055 0.116667
1 0.306875 0.572083 0.04375 0.094167
1 0.245938 0.6625 0.044375 0.096667
1 0.140625 0.750417 0.0425 0.095833
5 0.273125 0.27375 0.04625 0.110833
5 0.274375 0.404583 0.04625 0.105833
