1 0.474687 0.308333 0.146875 0.106667
1 0.703438 0.293333 0.146875 0.106667
1 0.26875 0.050833 0.0475 0.098333
1 0.302187 0.29625 0.045625 0.095833
1 0.365938 0.29625 0.045625 0.095833
1 0.580313 0.339583 0.045625 0.095833
1 0.860313 0.37875 0.045625 0.095833
1 0.922813 0.37625 0.045625 0.095833
1 0.539687 0.924167 0.045625 0.098333
1 0.859062 0.878333 0.045625 0.098333
1 0.924687 0.88 0.045625 0.098333
1 0.688438 0.736667 0.061875 0.115
0 0.5725 0.595 0.075 0.19
0 0.655 0.55 0.0425 0.096667
0 0.880938 0.676667 0.040625 0.096667
