0 0.200313 0.518333 0.094375 0.066667
0 0.043125 0.371667 0.085 0.066667
5 0.15 0.35875 0.04875 0.040833
1 0.219375 0.360417 0.02875 0.0675
4 0.570625 0.924583 0.15625 0.1275
1 0.262188 0.361667 0.028125 0.066667
1 0.302812 0.360833 0.030625 0.068333
1 0.5125 0.33 0.02875 0.065
0 0.29 0.49 0.0275 0.061667
1 0.415938 0.4525 0.040625 0.078333
0 0.435937 0.575 0.025625 0.065
0 0.492188 0.54875 0.045625 0.124167
1 0.262813 0.688333 0.031875 0.061667
1 0.30375 0.685833 0.02875 0.061667
1 0.406562 0.739583 0.091875 0.065833
1 0.485938 0.710417 0.028125 0.0625
1 0.552813 0.7325 0.094375 0.068333
1 0.62375 0.739167 0.02875 0.065
1 0.664062 0.73875 0.029375 0.064167
1 0.299063 0.92625 0.028125 0.065833
1 0.339062 0.924583 0.026875 0.060833
1 0.387188 0.925417 0.028125 0.059167
1 0.43 0.92625 0.0275 0.0625
1 0.686875 0.9 0.02875 0.065
