1 0.340938 0.055 0.026875 0.066667
0 0.40375 0.055833 0.0375 0.078333
0 0.452188 0.046667 0.025625 0.066667
0 0.493125 0.047917 0.0275 0.064167
1 0.619687 0.097083 0.049375 0.0425
0 0.786563 0.074167 0.026875 0.066667
0 0.367812 0.277917 0.046875 0.044167
1 0.37375 0.3525 0.0625 0.056667
0 0.3775 0.446667 0.09625 0.066667
0 0.370312 0.530833 0.048125 0.036667
0 0.370937 0.5875 0.050625 0.036667
5 0.349375 0.75625 0.0325 0.0675
1 0.339375 0.921667 0.04875 0.121667
1 0.443437 0.280833 0.048125 0.041667
0 0.482812 0.432083 0.048125 0.0425
5 0.558438 0.553333 0.076875 0.158333
0 0.413438 0.725 0.038125 0.08
0 0.468438 0.782917 0.025625 0.064167
1 0.510312 0.786667 0.028125 0.065
1 0.550937 0.784167 0.026875 0.066667
1 0.410938 0.8475 0.029375 0.065
0 0.597812 0.300417 0.056875 0.054167
0 0.597187 0.385 0.054375 0.053333
4 0.743437 0.360417 0.083125 0.120833
0 0.699688 0.460833 0.045625 0.038333
4 0.784062 0.48125 0.044375 0.084167
3 0.789062 0.58 0.033125 0.07
0 0.608125 0.71 0.025 0.068333
0 0.665312 0.675833 0.048125 0.125
0 0.728437 0.610417 0.035625 0.080833
1 0.719375 0.74875 0.0275 0.065833
0 0.762188 0.75125 0.025625 0.065833
1 0.83 0.676667 0.0275 0.065
0 0.817187 0.795417 0.040625 0.079167
0 0.8775 0.79875 0.02625 0.064167
1 0.89 0.962917 0.02875 0.065833
5 0.503437 0.687083 0.034375 0.0725
