0 0.32125 0.093333 0.05625 0.125
0 0.408125 0.0925 0.05125 0.123333
0 0.360312 0.284167 0.091875 0.063333
1 0.506563 0.28375 0.051875 0.1275
1 0.594688 0.285833 0.058125 0.128333
1 0.679063 0.285833 0.056875 0.131667
1 0.765938 0.282917 0.056875 0.1275
1 0.854375 0.285417 0.05375 0.125833
0 0.957187 0.264167 0.074375 0.158333
1 0.319063 0.519167 0.056875 0.131667
1 0.406562 0.515833 0.058125 0.13
0 0.505 0.55375 0.05125 0.1225
0 0.593125 0.555417 0.05125 0.1225
0 0.68125 0.552917 0.05125 0.1225
0 0.768125 0.555417 0.05125 0.1225
0 0.85375 0.555417 0.05125 0.1225
1 0.939063 0.555417 0.051875 0.1275
