0 0.018437 0.145 0.035625 0.078333
0 0.028125 0.237917 0.045 0.034167
1 0.027813 0.294167 0.048125 0.043333
1 0.029063 0.349167 0.048125 0.038333
0 0.034688 0.460833 0.039375 0.078333
0 0.024688 0.544583 0.045625 0.039167
1 0.025625 0.599583 0.045 0.040833
0 0.024375 0.7125 0.04375 0.036667
1 0.024688 0.765417 0.046875 0.040833
0 0.159062 0.330833 0.046875 0.038333
0 0.159688 0.389583 0.046875 0.039167
1 0.159375 0.443333 0.04875 0.038333
0 0.159062 0.518333 0.049375 0.038333
1 0.15875 0.619167 0.05875 0.053333
1 0.346562 0.465833 0.050625 0.038333
5 0.2525 0.55 0.04375 0.113333
5 0.357187 0.55875 0.043125 0.1125
5 0.489063 0.589583 0.045625 0.1225
5 0.169687 0.742917 0.041875 0.1125
5 0.273438 0.744583 0.043125 0.110833
5 0.378125 0.744583 0.0425 0.1125
1 0.169375 0.832083 0.04875 0.040833
1 0.274062 0.835 0.046875 0.036667
1 0.371563 0.839583 0.046875 0.040833
1 0.416875 0.361667 0.02875 0.068333
0 0.520938 0.299583 0.034375 0.0725
1 0.450625 0.465417 0.0275 0.0625
1 0.534375 0.467917 0.02875 0.064167
1 0.575937 0.4675 0.029375 0.065
1 0.575 0.596667 0.02875 0.066667
1 0.6975 0.05375 0.0275 0.0675
1 0.62625 0.105833 0.02875 0.068333
1 0.585313 0.162083 0.028125 0.065833
5 0.603437 0.265833 0.031875 0.086667
5 0.601562 0.35625 0.028125 0.0725
0 0.669687 0.28125 0.035625 0.079167
1 0.667188 0.459583 0.049375 0.039167
1 0.755625 0.552917 0.04875 0.0375
0 0.755 0.62 0.05625 0.053333
1 0.754687 0.684583 0.046875 0.040833
5 0.66625 0.59 0.02875 0.068333
5 0.665937 0.672083 0.028125 0.065833
5 0.665625 0.757083 0.03125 0.070833
