1 0.032813 0.432917 0.065625 0.059167
5 0.034063 0.574167 0.061875 0.165
1 0.053125 0.76125 0.0925 0.079167
0 0.056875 0.91625 0.07 0.050833
1 0.255312 0.525 0.070625 0.056667
0 0.255 0.6075 0.06625 0.05
1 0.26 0.78125 0.06875 0.054167
0 0.260625 0.865833 0.0675 0.053333
1 0.435312 0.474167 0.043125 0.095
1 0.501875 0.6425 0.04375 0.096667
5 0.3925 0.702083 0.12875 0.1025
0 0.517813 0.855833 0.040625 0.1
1 0.442812 0.914583 0.041875 0.095833
0 0.615313 0.909583 0.039375 0.099167
0 0.688438 0.90625 0.058125 0.120833
1 0.6375 0.4675 0.0425 0.096667
1 0.956562 0.499167 0.060625 0.121667
1 0.824688 0.744167 0.041875 0.091667
0 0.924063 0.859167 0.075625 0.176667
0 0.784062 0.862083 0.068125 0.055833
0 0.794687 0.959583 0.084375 0.0725
