0 0.045625 0.02 0.07 0.04
1 0.05 0.130417 0.07125 0.0575
0 0.049688 0.209583 0.071875 0.0575
0 0.053437 0.300833 0.070625 0.06
0 0.2425 0.09375 0.0575 0.1175
0 0.36125 0.10625 0.04 0.095833
1 0.25625 0.264583 0.0725 0.055833
1 0.256875 0.350417 0.06875 0.0575
0 0.259062 0.435 0.068125 0.05
0 0.283125 0.576667 0.0575 0.118333
1 0.348438 0.674167 0.041875 0.093333
0 0.375625 0.93 0.04 0.091667
0 0.47 0.9275 0.05875 0.118333
1 0.878437 0.92875 0.044375 0.094167
1 0.942187 0.925 0.044375 0.093333
1 0.529687 0.112083 0.041875 0.0925
0 0.782813 0.059583 0.083125 0.0775
4 0.693125 0.509583 0.60125 0.3625
