0 0.32 0.209583 0.07 0.055833
0 0.324375 0.29375 0.06875 0.054167
4 0.457188 0.508333 0.161875 0.185
1 0.30125 0.755833 0.0425 0.098333
1 0.439688 0.748333 0.044375 0.095
1 0.50375 0.745 0.04125 0.095
0 0.614688 0.385833 0.069375 0.053333
1 0.616563 0.472083 0.070625 0.055833
0 0.673125 0.583333 0.0375 0.091667
0 0.612812 0.7425 0.039375 0.095
0 0.675312 0.740833 0.040625 0.093333
0 0.967187 0.3875 0.063125 0.048333
0 0.830937 0.435833 0.068125 0.048333
0 0.8325 0.519583 0.06875 0.0525
0 0.834688 0.620417 0.066875 0.0475
0 0.834375 0.72125 0.08625 0.079167
0 0.826875 0.82125 0.0675 0.049167
1 0.955313 0.554583 0.074375 0.185833
