0 0.756563 0.03125 0.024375 0.059167
0 0.798438 0.03125 0.023125 0.060833
1 0.841562 0.03125 0.024375 0.059167
1 0.758125 0.115 0.04875 0.035
1 0.7575 0.170833 0.04625 0.035
1 0.757812 0.234167 0.046875 0.036667
1 0.750625 0.319167 0.0275 0.063333
4 0.925 0.16 0.08125 0.116667
0 0.82 0.272917 0.03625 0.080833
0 0.875625 0.273333 0.0275 0.065
0 0.943438 0.270833 0.026875 0.061667
0 0.785937 0.599583 0.043125 0.0325
0 0.758437 0.655417 0.045625 0.0325
0 0.759375 0.715833 0.04625 0.036667
0 0.766563 0.775 0.056875 0.053333
1 0.737812 0.8675 0.026875 0.063333
0 0.800937 0.867083 0.036875 0.0775
0 0.849063 0.859167 0.026875 0.066667
0 0.889375 0.858333 0.02625 0.065
