5 0.170937 0.57 0.045625 0.101667
5 0.175313 0.693333 0.045625 0.101667
5 0.177187 0.826667 0.045625 0.101667
5 0.612812 0.57 0.069375 0.17
5 0.771563 0.555 0.069375 0.17
5 0.930937 0.550833 0.069375 0.17
5 0.444688 0.811667 0.069375 0.17
5 0.653438 0.8525 0.069375 0.17
5 0.807813 0.855 0.069375 0.17
1 0.037187 0.684167 0.070625 0.06
0 0.04 0.786667 0.0775 0.075
1 0.04125 0.885833 0.07 0.058333
1 0.462187 0.64 0.071875 0.056667
1 0.31625 0.805417 0.04375 0.095833
1 0.619375 0.421667 0.07125 0.056667
1 0.7675 0.417083 0.0725 0.054167
1 0.929375 0.411667 0.07125 0.058333
1 0.954375 0.741667 0.08875 0.078333
0 0.95875 0.897083 0.07 0.054167
