0 0.936875 0.348333 0.0925 0.068333
0 0.773125 0.35 0.0925 0.068333
0 0.618125 0.34 0.0925 0.068333
1 0.528125 0.585417 0.04625 0.039167
0 0.042188 0.809583 0.029375 0.0625
0 0.083437 0.807083 0.029375 0.0625
0 0.124063 0.807083 0.029375 0.0625
0 0.165313 0.80875 0.029375 0.0625
0 0.208437 0.80875 0.029375 0.0625
1 0.256875 0.826667 0.0275 0.066667
1 0.299375 0.826667 0.03125 0.061667
0 0.279687 0.93875 0.045625 0.035833
1 0.209687 0.9375 0.029375 0.065
1 0.167187 0.936667 0.029375 0.065
1 0.126562 0.936667 0.029375 0.065
1 0.085312 0.938333 0.029375 0.065
1 0.042813 0.9375 0.029375 0.065
