0 0.265988 0.215116 0.026647 0.021802
0 0.2715 0.237645 0.013445 0.011265
0 0.254542 0.296875 0.01296 0.010901
0 0.373849 0.240734 0.013687 0.010901
0 0.373849 0.220567 0.013203 0.010901
0 0.37397 0.147347 0.013445 0.011265
0 0.368338 0.263172 0.016715 0.016897
0 0.368641 0.282885 0.01296 0.011265
0 0.400739 0.135174 0.013687 0.011265
0 0.458636 0.418695 0.008358 0.019804
0 0.260538 0.334121 0.014777 0.037064
0 0.230317 0.40189 0.013929 0.037064
0 0.230741 0.471203 0.014293 0.037609
0 0.228561 0.533612 0.014293 0.036701
0 0.48274 0.622638 0.013687 0.011265
0 0.462088 0.617188 0.014293 0.011628
0 0.526587 0.66806 0.013687 0.011628
0 0.380753 0.703488 0.013687 0.011628
0 0.418241 0.639989 0.017442 0.01617
0 0.441194 0.640262 0.013687 0.010901
0 0.441376 0.623637 0.014293 0.012536
0 0.369004 0.664062 0.013687 0.011628
0 0.369489 0.680778 0.013687 0.011265
0 0.403525 0.699945 0.008115 0.020531
0 0.403585 0.74246 0.00751 0.020167
0 0.403404 0.766443 0.013203 0.012173
0 0.403888 0.79415 0.013445 0.011265
0 0.40407 0.816951 0.016715 0.015807
0 0.354469 0.843477 0.013687 0.012173
0 0.354348 0.826036 0.013687 0.012173
1 0.354712 0.808866 0.013687 0.011628
0 0.352713 0.789153 0.016715 0.016533
0 0.350533 0.671966 0.00751 0.01944
0 0.323825 0.700763 0.013203 0.010901
0 0.323704 0.718205 0.013445 0.010901
0 0.323946 0.735465 0.013445 0.011628
0 0.323825 0.75218 0.013687 0.011265
0 0.323946 0.768895 0.01296 0.010901
0 0.323825 0.786337 0.013687 0.010901
1 0.325642 0.805868 0.018047 0.016897
1 0.325521 0.828398 0.01829 0.016897
0 0.470325 0.830578 0.007752 0.020531
0 0.48165 0.841661 0.008115 0.019804
0 0.494065 0.842115 0.007752 0.021439
0 0.505753 0.838754 0.01078 0.023801
1 0.525012 0.850018 0.013687 0.012536
0 0.524709 0.824582 0.016957 0.016533
0 0.523074 0.804778 0.013687 0.012173
0 0.522953 0.787972 0.013445 0.011628
1 0.452459 0.600472 0.013929 0.011265
1 0.247032 0.246275 0.016352 0.01617
0 0.570434 0.83839 0.008115 0.020531
0 0.574188 0.744913 0.01078 0.025799
0 0.590722 0.74464 0.010174 0.024528
0 0.600957 0.790062 0.008115 0.020894
0 0.604591 0.833031 0.013687 0.039608
0 0.621245 0.835574 0.00751 0.021439
0 0.63251 0.834757 0.00751 0.020531
0 0.66055 0.817315 0.016352 0.016897
0 0.711785 0.814408 0.015867 0.01617
0 0.656916 0.738554 0.013203 0.011265
0 0.649406 0.715025 0.025799 0.020894
0 0.636567 0.68968 0.016109 0.015262
0 0.606105 0.701762 0.00751 0.01944
0 0.664365 0.675145 0.012597 0.011628
0 0.673571 0.652162 0.016715 0.01617
0 0.786761 0.739371 0.010538 0.024164
0 0.799782 0.737191 0.00751 0.019804
0 0.7996 0.774073 0.025315 0.020167
0 0.794029 0.71121 0.015867 0.016533
0 0.793907 0.691679 0.01296 0.011265
0 0.801054 0.666334 0.013203 0.012173
0 0.673389 0.627453 0.013445 0.012536
0 0.721172 0.604742 0.016957 0.016533
0 0.739765 0.598928 0.008358 0.01944
0 0.784278 0.595567 0.016715 0.017442
0 0.78228 0.626817 0.013203 0.011628
0 0.801417 0.598746 0.008115 0.019804
0 0.835635 0.598746 0.00751 0.020894
0 0.79524 0.544604 0.008115 0.020531
0 0.769683 0.544241 0.0086 0.019804
0 0.757934 0.545149 0.008115 0.020167
0 0.749939 0.398165 0.015867 0.015807
0 0.745882 0.338209 0.017442 0.016897
0 0.813772 0.302053 0.010538 0.023801
0 0.569041 0.268441 0.00751 0.01944
0 0.582062 0.270531 0.011022 0.025436
0 0.579821 0.211664 0.012597 0.010901
0 0.580245 0.228561 0.013445 0.011628
0 0.600957 0.22847 0.013929 0.012173
0 0.62718 0.214299 0.007752 0.020167
0 0.595688 0.271166 0.00751 0.01944
0 0.608891 0.270894 0.00751 0.018895
0 0.619792 0.271166 0.007267 0.020167
0 0.625484 0.307322 0.00751 0.019804
0 0.640141 0.138354 0.007752 0.019804
0 0.651647 0.1379 0.00751 0.021439
0 0.711422 0.136991 0.011022 0.025436
0 0.724625 0.136628 0.008358 0.022166
0 0.739886 0.136719 0.008115 0.020167
1 0.22196 0.206577 0.013445 0.011265
1 0.305414 0.144077 0.013687 0.011628
1 0.228379 0.325854 0.013203 0.012173
1 0.337997 0.135356 0.013687 0.011628
1 0.305535 0.161065 0.013203 0.012173
1 0.373849 0.180142 0.013203 0.012173
1 0.343932 0.24028 0.013203 0.012173
1 0.227653 0.308594 0.013203 0.012173
1 0.294271 0.291061 0.013203 0.011265
1 0.373849 0.163517 0.013203 0.011265
1 0.299297 0.217297 0.014293 0.011628
1 0.343568 0.257631 0.013445 0.011628
1 0.343811 0.277071 0.013445 0.011628
1 0.344053 0.294241 0.013203 0.012173
1 0.228137 0.291879 0.013445 0.012173
1 0.368278 0.299509 0.013445 0.012173
1 0.295119 0.308594 0.013929 0.012536
1 0.3039 0.189408 0.014535 0.038336
1 0.305838 0.249909 0.014535 0.038336
4 0.464632 0.260992 0.111434 0.231286
1 0.469234 0.418877 0.00751 0.01944
1 0.518653 0.580214 0.007752 0.01944
1 0.49564 0.427053 0.007752 0.01944
1 0.51296 0.458666 0.007752 0.01944
1 0.487888 0.458485 0.007752 0.01944
1 0.476744 0.455578 0.007752 0.01944
1 0.518411 0.543695 0.00751 0.019804
1 0.181383 0.827307 0.013203 0.012536
1 0.27798 0.570403 0.007752 0.01944
3 0.500182 0.572129 0.0086 0.021439
1 0.484375 0.543514 0.007752 0.01944
1 0.47523 0.577307 0.013203 0.012536
1 0.327822 0.663608 0.013203 0.012536
1 0.350472 0.768714 0.013203 0.011265
1 0.350472 0.700218 0.013203 0.011265
1 0.35023 0.71766 0.013203 0.011265
1 0.350472 0.734193 0.013203 0.011265
1 0.350472 0.751272 0.013203 0.011265
1 0.380511 0.726108 0.013687 0.012173
4 0.380814 0.773619 0.023983 0.036337
4 0.465904 0.728107 0.078852 0.115734
1 0.396197 0.842569 0.007752 0.020894
1 0.371609 0.842206 0.007752 0.020167
1 0.382994 0.842569 0.007752 0.020167
1 0.32758 0.680505 0.013203 0.012536
1 0.413336 0.844749 0.013203 0.012173
1 0.57007 0.806959 0.008115 0.020531
1 0.584969 0.834484 0.011022 0.025073
1 0.732316 0.842115 0.0172 0.017442
1 0.700581 0.84593 0.024709 0.021802
1 0.685138 0.817042 0.013687 0.011628
0 0.672178 0.794513 0.013687 0.011265
5 0.651587 0.780251 0.015625 0.013263
5 0.624031 0.760356 0.034157 0.03234
4 0.585211 0.685592 0.023377 0.035429
4 0.609557 0.668605 0.018774 0.017442
3 0.630572 0.665516 0.0172 0.013808
1 0.649043 0.64762 0.013687 0.0129
1 0.761749 0.830759 0.012597 0.012536
1 0.762476 0.847565 0.015019 0.011628
1 0.760356 0.810956 0.013687 0.012536
1 0.81462 0.747911 0.013445 0.012536
1 0.846657 0.784339 0.016715 0.017442
1 0.852047 0.699945 0.01296 0.0129
1 0.671814 0.760719 0.013445 0.011265
1 0.672057 0.777435 0.013445 0.011628
1 0.664305 0.692951 0.01296 0.011265
4 0.728561 0.714935 0.04845 0.160974
1 0.707183 0.621275 0.013687 0.012536
1 0.845991 0.59802 0.008115 0.01944
1 0.750303 0.598746 0.008115 0.01944
1 0.761567 0.598565 0.008115 0.01944
1 0.812197 0.598383 0.008115 0.01944
1 0.793544 0.646348 0.013687 0.012536
1 0.852168 0.646348 0.013687 0.012536
4 0.823159 0.635356 0.014777 0.036701
1 0.783672 0.468659 0.00751 0.020167
1 0.780705 0.671966 0.013445 0.012173
1 0.829155 0.663063 0.013445 0.012173
1 0.78016 0.544786 0.00751 0.020167
1 0.859012 0.538608 0.00751 0.020167
1 0.858891 0.49573 0.007267 0.019804
1 0.783491 0.391715 0.013445 0.011265
1 0.858648 0.456486 0.00751 0.020167
1 0.763021 0.440225 0.013445 0.011265
1 0.783249 0.42569 0.013445 0.011265
1 0.815468 0.54415 0.011265 0.025436
5 0.840904 0.53879 0.023377 0.01617
5 0.800933 0.505178 0.023619 0.016897
5 0.802507 0.462845 0.023619 0.016897
5 0.808806 0.408794 0.023377 0.015262
5 0.840419 0.454124 0.023135 0.016533
5 0.840661 0.496639 0.022892 0.015807
1 0.830305 0.414335 0.007752 0.019804
1 0.809654 0.374818 0.013203 0.011265
1 0.783612 0.374637 0.013203 0.010901
1 0.721839 0.372275 0.01296 0.011628
1 0.71009 0.35556 0.013687 0.011265
1 0.698825 0.327126 0.013687 0.012536
1 0.781432 0.338299 0.008358 0.018895
1 0.799903 0.30169 0.007752 0.019804
1 0.826308 0.301508 0.007752 0.020167
5 0.842175 0.338572 0.014293 0.012173
5 0.743702 0.364916 0.014293 0.012173
5 0.761507 0.364916 0.014293 0.012173
5 0.807534 0.338209 0.014293 0.012173
5 0.824976 0.338209 0.014293 0.012173
5 0.785308 0.305323 0.0086 0.023074
1 0.603077 0.304688 0.026647 0.021802
4 0.704033 0.243187 0.139898 0.118278
1 0.683321 0.138172 0.008115 0.019804
1 0.579639 0.129996 0.013687 0.0129
1 0.579881 0.166152 0.013203 0.012173
1 0.57976 0.183049 0.013929 0.012536
1 0.615916 0.213935 0.007752 0.020531
1 0.532098 0.73601 0.007994 0.019622
4 0.342599 0.181959 0.027495 0.065589
4 0.6121 0.171421 0.024104 0.043786
