4 0.461562 0.910417 0.245625 0.179167
0 0.2775 0.48 0.04125 0.1
0 0.676562 0.68125 0.044375 0.095833
0 0.321562 0.68125 0.038125 0.095833
0 0.600938 0.682917 0.038125 0.095833
0 0.836875 0.721667 0.04375 0.098333
0 0.760938 0.722917 0.061875 0.1225
1 0.385313 0.6825 0.045625 0.1
1 0.450313 0.683333 0.045625 0.1
1 0.900312 0.725 0.045625 0.1
1 0.675937 0.909167 0.045625 0.1
1 0.741563 0.910833 0.045625 0.1
1 0.817187 0.913333 0.045625 0.1
1 0.879687 0.911667 0.045625 0.1
1 0.279375 0.949583 0.0425 0.095833
