0 0.26875 0.032917 0.04375 0.034167
1 0.198125 0.032917 0.02875 0.060833
1 0.15625 0.032083 0.02875 0.060833
1 0.115 0.03375 0.02875 0.060833
1 0.074375 0.032917 0.02875 0.060833
1 0.033125 0.03375 0.02875 0.060833
4 0.135625 0.59875 0.27125 0.3875
1 0.13625 0.180417 0.03 0.064167
0 0.19125 0.18 0.0275 0.065
0 0.24625 0.1225 0.025 0.063333
0 0.28625 0.121667 0.03 0.066667
0 0.036562 0.290833 0.028125 0.065
0 0.093125 0.29 0.0475 0.038333
0 0.198125 0.291667 0.045 0.035
0 0.345313 0.364583 0.036875 0.075833
0 0.344062 0.47625 0.026875 0.064167
0 0.385625 0.477083 0.0275 0.0625
0 0.400625 0.579167 0.0275 0.065
1 0.442812 0.53125 0.028125 0.064167
1 0.11 0.92125 0.0475 0.039167
0 0.275938 0.897083 0.029375 0.064167
0 0.387188 0.681667 0.026875 0.063333
1 0.499063 0.64375 0.029375 0.0675
1 0.581875 0.689167 0.04875 0.036667
1 0.580625 0.855417 0.0475 0.039167
5 0.511875 0.7675 0.0475 0.046667
1 0.492188 0.857917 0.046875 0.040833
1 0.796875 0.651667 0.0475 0.038333
1 0.789687 0.707083 0.046875 0.039167
1 0.789375 0.827917 0.0475 0.039167
0 0.886563 0.562083 0.045625 0.035833
1 0.885938 0.615 0.045625 0.036667
1 0.865938 0.744583 0.048125 0.0375
