0 0.29125 0.058333 0.0425 0.091667
0 0.31375 0.21375 0.04125 0.095833
0 0.37625 0.21375 0.04125 0.095833
0 0.375312 0.386667 0.059375 0.118333
0 0.600313 0.497917 0.070625 0.0525
0 0.759062 0.49625 0.070625 0.0525
0 0.85 0.497083 0.04125 0.094167
0 0.955 0.492917 0.04125 0.094167
0 0.465625 0.75625 0.04125 0.094167
0 0.528125 0.75375 0.04125 0.094167
0 0.614375 0.667083 0.04125 0.094167
0 0.495 0.897917 0.07 0.050833
0 0.934688 0.883333 0.061875 0.121667
1 0.228125 0.132917 0.0425 0.100833
1 0.69875 0.667083 0.0425 0.100833
1 0.6025 0.894583 0.0425 0.100833
1 0.6675 0.892917 0.0425 0.100833
1 0.73125 0.894583 0.0425 0.100833
1 0.795 0.894583 0.0425 0.100833
1 0.85875 0.892083 0.0425 0.100833
4 0.87625 0.669583 0.13125 0.185833
