0 0.40625 0.069167 0.03625 0.08
1 0.337187 0.172917 0.039375 0.0775
1 0.320625 0.322083 0.0275 0.064167
1 0.362812 0.32 0.028125 0.065
1 0.410938 0.313333 0.028125 0.065
4 0.652188 0.154167 0.389375 0.24
1 0.879687 0.062083 0.026875 0.064167
0 0.920937 0.126667 0.038125 0.078333
0 0.935 0.21875 0.04375 0.034167
1 0.933125 0.27375 0.04625 0.0375
1 0.932187 0.33 0.046875 0.038333
0 0.499688 0.508333 0.050625 0.123333
1 0.562813 0.585833 0.030625 0.065
0 0.586875 0.445 0.0575 0.053333
0 0.59125 0.510833 0.04625 0.035
0 0.655625 0.483333 0.0375 0.078333
0 0.702812 0.485833 0.025625 0.065
1 0.752812 0.419583 0.030625 0.064167
0 0.765938 0.520417 0.025625 0.0625
1 0.815 0.487083 0.02875 0.064167
0 0.863437 0.430417 0.025625 0.0625
0 0.939063 0.440833 0.038125 0.078333
0 0.9325 0.525 0.045 0.033333
1 0.931562 0.579583 0.046875 0.039167
1 0.470625 0.740833 0.04125 0.081667
4 0.8425 0.62625 0.09125 0.075833
1 0.770938 0.662083 0.029375 0.0675
1 0.680312 0.77125 0.029375 0.0675
1 0.811562 0.774167 0.028125 0.065
0 0.931562 0.694167 0.046875 0.038333
1 0.929375 0.745833 0.05 0.041667
