1 0.335 0.515 0.05625 0.13
1 0.08875 0.324167 0.095 0.076667
1 0.091875 0.843333 0.09625 0.075
1 0.091875 0.961667 0.09375 0.071667
1 0.464375 0.646667 0.05375 0.126667
1 0.851875 0.2925 0.05625 0.126667
1 0.418125 0.146667 0.05625 0.125
0 0.086875 0.088333 0.09375 0.07
4 0.27 0.2175 0.17375 0.13
0 0.08875 0.438333 0.095 0.068333
0 0.072813 0.612917 0.076875 0.160833
0 0.235625 0.635833 0.055 0.131667
0 0.435 0.435833 0.05375 0.131667
0 0.56625 0.511667 0.0525 0.126667
0 0.666562 0.50625 0.080625 0.164167
0 0.79625 0.45 0.09625 0.071667
0 0.807813 0.582917 0.116875 0.100833
