1 0.239063 0.83625 0.073125 0.060833
1 0.237813 0.975417 0.073125 0.049167
1 0.400938 0.24125 0.073125 0.0575
1 0.03 0.44375 0.06 0.055833
1 0.03 0.370417 0.06 0.054167
1 0.399062 0.650417 0.071875 0.060833
1 0.238437 0.55125 0.071875 0.0575
0 0.036562 0.605417 0.068125 0.054167
0 0.037187 0.730417 0.069375 0.050833
0 0.035312 0.80125 0.070625 0.0525
0 0.035312 0.87625 0.068125 0.0525
0 0.237813 0.62375 0.068125 0.0525
0 0.239687 0.69375 0.071875 0.054167
0 0.235937 0.907917 0.071875 0.054167
0 0.400313 0.877083 0.071875 0.054167
0 0.380625 0.395 0.085 0.198333
0 0.379375 0.125833 0.0925 0.078333
0 0.381563 0.029583 0.073125 0.0525
0 0.494063 0.027083 0.074375 0.054167
