0 0.599688 0.5775 0.083125 0.145
0 0.850938 0.387083 0.026875 0.0625
0 0.8875 0.386667 0.02625 0.065
0 0.814688 0.5125 0.051875 0.128333
0 0.888437 0.50625 0.029375 0.0675
0 0.892188 0.6025 0.029375 0.068333
0 0.94125 0.672917 0.045 0.035833
0 0.9425 0.72 0.04625 0.035
0 0.930937 0.768333 0.048125 0.035
0 0.842187 0.743333 0.059375 0.053333
0 0.865313 0.815 0.048125 0.035
1 0.7525 0.751667 0.04125 0.08
0 0.715625 0.516667 0.09375 0.065
0 0.49 0.8875 0.04625 0.035
1 0.49125 0.934167 0.05 0.038333
1 0.492812 0.980417 0.049375 0.035833
