4 0.784687 0.27625 0.414375 0.549167
1 0.480312 0.017917 0.049375 0.035833
1 0.481563 0.06375 0.050625 0.0425
0 0.47625 0.122083 0.05875 0.0575
1 0.484375 0.182083 0.04875 0.0375
0 0.485 0.228333 0.04625 0.036667
0 0.486563 0.275833 0.048125 0.035
1 0.487812 0.323333 0.048125 0.041667
1 0.490625 0.440833 0.05 0.038333
1 0.489375 0.488333 0.05 0.041667
1 0.491563 0.53625 0.049375 0.040833
1 0.492812 0.58375 0.049375 0.0425
1 0.562813 0.569583 0.050625 0.0425
0 0.663438 0.702083 0.038125 0.0825
0 0.713437 0.700833 0.040625 0.081667
1 0.7575 0.685833 0.02875 0.066667
0 0.79375 0.683333 0.02625 0.061667
0 0.837812 0.690417 0.038125 0.075833
1 0.888125 0.685833 0.04125 0.081667
1 0.935 0.684583 0.04 0.080833
0 0.978437 0.676667 0.026875 0.065
