0 0.058438 0.12125 0.071875 0.050833
0 0.059062 0.19375 0.070625 0.049167
0 0.038437 0.265417 0.071875 0.050833
0 0.220312 0.24125 0.071875 0.054167
0 0.344062 0.205417 0.040625 0.094167
0 0.409062 0.204583 0.039375 0.095833
0 0.696562 0.257917 0.069375 0.0525
0 0.695937 0.330417 0.070625 0.050833
0 0.22 0.34 0.15 0.108333
0 0.917813 0.585417 0.069375 0.0525
0 0.919063 0.710417 0.070625 0.0525
0 0.917813 0.782083 0.068125 0.0525
0 0.918438 0.85625 0.071875 0.050833
0 0.334688 0.799583 0.165625 0.174167
1 0.343125 0.601667 0.14 0.155
1 0.815937 0.04875 0.073125 0.059167
1 0.904062 0.352083 0.071875 0.059167
1 0.905312 0.425417 0.070625 0.0575
1 0.738437 0.64625 0.071875 0.059167
1 0.737812 0.71625 0.070625 0.060833
1 0.648438 0.787917 0.071875 0.0575
