0 0.4925 0.634167 0.055 0.123333
0 0.56625 0.635417 0.05875 0.129167
0 0.688438 0.617083 0.039375 0.095833
0 0.755625 0.627917 0.05875 0.1275
0 0.970938 0.61875 0.040625 0.0925
1 0.237813 0.050417 0.075625 0.0625
1 0.237187 0.227083 0.074375 0.0575
1 0.235937 0.30125 0.071875 0.059167
1 0.236563 0.37125 0.073125 0.059167
1 0.235313 0.442917 0.073125 0.0575
1 0.342187 0.42625 0.073125 0.059167
1 0.633437 0.61625 0.044375 0.100833
1 0.83125 0.6275 0.06125 0.123333
1 0.901875 0.626667 0.06125 0.125
