1 0.137813 0.637083 0.043125 0.100833
1 0.022812 0.645 0.045625 0.123333
1 0.342187 0.470417 0.138125 0.0975
1 0.737812 0.497917 0.070625 0.055833
1 0.4625 0.148333 0.06 0.123333
0 0.084062 0.639583 0.040625 0.094167
0 0.190938 0.452083 0.073125 0.050833
0 0.192812 0.52375 0.069375 0.054167
0 0.340625 0.335833 0.15125 0.108333
0 0.30125 0.143333 0.05875 0.123333
0 0.383125 0.145833 0.06375 0.125
0 0.5375 0.138333 0.06125 0.123333
0 0.71625 0.135833 0.085 0.195
0 0.788438 0.194583 0.038125 0.0925
0 0.92875 0.080417 0.14375 0.105833
0 0.589063 0.524583 0.036875 0.094167
0 0.517188 0.451667 0.073125 0.196667
