1 0.65375 0.210833 0.06375 0.125
1 0.248438 0.467083 0.076875 0.060833
1 0.249688 0.537917 0.073125 0.059167
1 0.247188 0.932083 0.074375 0.060833
0 0.249688 0.392917 0.070625 0.054167
0 0.24 0.629167 0.09375 0.081667
0 0.249062 0.78875 0.071875 0.0525
1 0.249688 0.720417 0.073125 0.0575
0 0.249062 0.86125 0.073125 0.054167
0 0.789375 0.200833 0.0925 0.081667
0 0.821562 0.312083 0.075625 0.055833
0 0.924063 0.24625 0.071875 0.054167
0 0.943438 0.175417 0.069375 0.054167
0 0.942813 0.10375 0.068125 0.054167
