1 0.189375 0.315417 0.0325 0.0725
1 0.204063 0.54375 0.030625 0.0675
4 0.308437 0.372083 0.108125 0.124167
1 0.083437 0.415417 0.030625 0.0675
1 0.164062 0.544583 0.030625 0.0675
0 0.286875 0.55 0.02625 0.065
1 0.322188 0.547917 0.029375 0.065833
1 0.35875 0.54875 0.0275 0.069167
1 0.324688 0.22375 0.048125 0.044167
0 0.974688 0.125417 0.025625 0.064167
1 0.875938 0.9875 0.046875 0.021667
1 0.874687 0.95 0.046875 0.041667
1 0.873437 0.905 0.046875 0.041667
1 0.875313 0.855 0.046875 0.041667
1 0.874062 0.81 0.046875 0.041667
1 0.874062 0.760833 0.046875 0.041667
