0 0.221562 0.124167 0.028125 0.061667
4 0.180625 0.43625 0.29 0.390833
0 0.024688 0.694167 0.045625 0.033333
0 0.025 0.74 0.04625 0.033333
0 0.131875 0.765 0.045 0.035
0 0.131562 0.831667 0.095625 0.061667
0 0.210938 0.74 0.028125 0.065
0 0.253437 0.73625 0.025625 0.065833
0 0.359063 0.207083 0.045625 0.034167
1 0.435312 0.202917 0.048125 0.0375
0 0.42625 0.282917 0.1 0.0675
0 0.445625 0.356667 0.045 0.031667
0 0.395625 0.457917 0.02625 0.059167
0 0.398125 0.55375 0.025 0.059167
0 0.445312 0.763333 0.045625 0.036667
0 0.446875 0.810417 0.04625 0.034167
0 0.520938 0.478333 0.046875 0.033333
0 0.52125 0.524167 0.04875 0.036667
1 0.522813 0.57125 0.046875 0.040833
1 0.521875 0.620833 0.04625 0.038333
1 0.585938 0.820417 0.049375 0.0425
1 0.585938 0.8675 0.048125 0.041667
0 0.5975 0.9725 0.04625 0.035
1 0.71375 0.02875 0.04875 0.040833
1 0.715938 0.075417 0.050625 0.0375
1 0.7175 0.122917 0.05 0.040833
1 0.794687 0.04375 0.049375 0.039167
1 0.796875 0.137083 0.05125 0.040833
1 0.79875 0.225417 0.05 0.0425
1 0.873125 0.04125 0.05125 0.040833
1 0.875313 0.13375 0.048125 0.040833
0 0.882812 0.220417 0.046875 0.0375
5 0.82 0.39 0.12375 0.095
0 0.685312 0.52 0.059375 0.048333
4 0.66125 0.61625 0.08625 0.114167
0 0.81625 0.580417 0.04625 0.035833
0 0.890312 0.577083 0.045625 0.035833
0 0.816875 0.646667 0.06 0.053333
1 0.8325 0.720417 0.05 0.0375
0 0.82375 0.825417 0.05625 0.130833
1 0.730313 0.930417 0.051875 0.0425
0 0.730313 0.97875 0.046875 0.034167
1 0.8375 0.985 0.04625 0.026667
