1 0.37125 0.135 0.095 0.078333
1 0.37125 0.23 0.095 0.076667
1 0.252812 0.330417 0.093125 0.075833
1 0.028438 0.655417 0.056875 0.1675
0 0.115625 0.642083 0.07 0.1575
1 0.934375 0.92 0.10125 0.155
0 0.355938 0.639167 0.109375 0.261667
0 0.453437 0.710833 0.049375 0.125
0 0.614688 0.052083 0.093125 0.069167
0 0.615625 0.21875 0.08875 0.074167
0 0.613437 0.31625 0.091875 0.069167
0 0.6125 0.413333 0.095 0.071667
0 0.650312 0.557917 0.191875 0.1375
0 0.886875 0.075833 0.09125 0.07
0 0.885625 0.172083 0.09125 0.074167
1 0.888437 0.362083 0.096875 0.0825
0 0.885625 0.46 0.095 0.07
1 0.889375 0.557083 0.09375 0.075833
