1 0.789062 0.935833 0.046875 0.038333
1 0.789062 0.89 0.046875 0.038333
1 0.788438 0.843333 0.046875 0.038333
1 0.789687 0.795833 0.046875 0.038333
0 0.295625 0.925417 0.0275 0.065833
1 0.031563 0.9425 0.050625 0.038333
1 0.869062 0.957083 0.049375 0.0425
1 0.868437 0.860417 0.049375 0.0425
1 0.867812 0.765417 0.049375 0.0425
1 0.867812 0.670417 0.049375 0.0425
1 0.867812 0.577083 0.049375 0.0425
1 0.867188 0.482083 0.049375 0.0425
1 0.868437 0.38875 0.049375 0.0425
1 0.865938 0.29375 0.049375 0.0425
1 0.866563 0.235417 0.049375 0.0425
1 0.865938 0.18125 0.049375 0.0425
1 0.865313 0.127083 0.049375 0.0425
1 0.865938 0.079583 0.049375 0.0425
1 0.864688 0.03375 0.049375 0.0425
1 0.947812 0.952083 0.049375 0.0425
1 0.947187 0.85875 0.049375 0.0425
1 0.947812 0.762917 0.049375 0.0425
1 0.946562 0.67125 0.049375 0.0425
1 0.946562 0.577917 0.049375 0.0425
1 0.945312 0.482083 0.049375 0.0425
1 0.947187 0.38875 0.049375 0.0425
1 0.945937 0.29375 0.049375 0.0425
1 0.944688 0.235417 0.049375 0.0425
1 0.944688 0.182083 0.049375 0.0425
