1 0.206875 0.08375 0.095 0.1075
0 0.2025 0.210417 0.10125 0.109167
0 0.190938 0.36375 0.038125 0.080833
0 0.244688 0.359167 0.038125 0.081667
0 0.219688 0.488333 0.096875 0.068333
1 0.019062 0.705 0.036875 0.081667
0 0.059375 0.695417 0.0275 0.0625
1 0.094687 0.694583 0.028125 0.065833
0 0.125625 0.57 0.045 0.035
0 0.127812 0.617917 0.045625 0.0375
1 0.225 0.578333 0.0925 0.068333
1 0.300625 0.361667 0.04125 0.081667
0 0.347187 0.351667 0.036875 0.076667
0 0.340938 0.562083 0.049375 0.1275
0 0.389375 0.6075 0.02625 0.065
1 0.487812 0.585417 0.048125 0.040833
1 0.412187 0.19875 0.048125 0.040833
1 0.469062 0.100833 0.048125 0.038333
1 0.46875 0.14625 0.05 0.040833
0 0.465938 0.3475 0.054375 0.13
0 0.515 0.382083 0.025 0.064167
0 0.58625 0.05375 0.045 0.034167
0 0.589063 0.13625 0.046875 0.035833
0 0.589688 0.184583 0.048125 0.0325
0 0.590313 0.232083 0.045625 0.035833
0 0.61125 0.303333 0.09375 0.066667
1 0.719688 0.016667 0.049375 0.033333
0 0.719688 0.061667 0.045625 0.033333
0 0.720938 0.10625 0.044375 0.034167
1 0.724688 0.200417 0.049375 0.0375
0 0.725313 0.248333 0.046875 0.035
1 0.727187 0.296667 0.049375 0.038333
4 0.651563 0.492917 0.076875 0.1625
1 0.754062 0.49875 0.050625 0.124167
0 0.833438 0.222917 0.048125 0.034167
0 0.855938 0.286667 0.096875 0.07
0 0.8875 0.357083 0.04625 0.034167
0 0.889375 0.410417 0.04625 0.034167
0 0.864688 0.507083 0.101875 0.1075
