0 0.299358 0.266261 0.005693 0.014353
0 0.30711 0.266443 0.005935 0.015443
0 0.323583 0.264172 0.009084 0.020712
0 0.348777 0.265716 0.005935 0.015443
0 0.405947 0.340661 0.011022 0.03125
0 0.406129 0.372547 0.020833 0.01617
0 0.283854 0.466116 0.012476 0.01181
0 0.470022 0.479379 0.010538 0.008903
0 0.406553 0.397075 0.01078 0.008539
0 0.391291 0.397075 0.01078 0.008539
0 0.369004 0.379088 0.008358 0.019077
0 0.357376 0.386537 0.00642 0.015443
0 0.364402 0.407794 0.006177 0.014717
0 0.372154 0.412336 0.005935 0.014717
0 0.379663 0.411973 0.005693 0.015443
0 0.356771 0.445858 0.010538 0.03234
0 0.367309 0.446493 0.005935 0.015443
0 0.426296 0.385084 0.010538 0.008903
0 0.426296 0.397257 0.010538 0.008903
0 0.284096 0.483194 0.012476 0.0129
0 0.371063 0.472475 0.010538 0.008903
0 0.371063 0.486101 0.010538 0.008903
0 0.290758 0.599382 0.01078 0.031613
0 0.243883 0.443405 0.005935 0.01508
0 0.251756 0.443405 0.005935 0.015807
0 0.229893 0.319858 0.013808 0.012536
0 0.230741 0.375091 0.01405 0.013263
0 0.230015 0.335665 0.01405 0.013263
0 0.232255 0.362009 0.011022 0.009993
0 0.443132 0.544513 0.01078 0.031613
0 0.455608 0.523528 0.005693 0.014717
0 0.331093 0.593841 0.005693 0.015807
0 0.415153 0.532976 0.01078 0.009266
0 0.399528 0.533339 0.010538 0.009266
0 0.411034 0.573674 0.005935 0.015443
0 0.251696 0.512082 0.021076 0.01617
0 0.284763 0.515898 0.013324 0.012536
0 0.279009 0.56895 0.010296 0.008903
0 0.43102 0.549873 0.005693 0.015807
0 0.302386 0.594204 0.005693 0.015807
0 0.272347 0.688136 0.005693 0.015807
0 0.365976 0.547329 0.005693 0.015807
0 0.358103 0.547329 0.005693 0.015807
0 0.280705 0.687773 0.005693 0.015807
0 0.263748 0.474564 0.01078 0.031613
0 0.243883 0.527344 0.01078 0.009629
0 0.310501 0.594568 0.005693 0.015807
0 0.31789 0.594568 0.005693 0.015807
0 0.402919 0.625454 0.0086 0.018714
0 0.392502 0.666697 0.005935 0.015807
0 0.392745 0.691225 0.005935 0.015443
0 0.381844 0.666606 0.0086 0.019985
0 0.302507 0.671784 0.006177 0.015807
0 0.299116 0.636719 0.006177 0.015443
0 0.322008 0.6369 0.005693 0.015807
0 0.329397 0.637264 0.005693 0.015807
0 0.449915 0.691406 0.005693 0.01508
0 0.551659 0.348201 0.006177 0.01617
0 0.559169 0.348383 0.005935 0.015807
0 0.504663 0.348565 0.006177 0.01617
0 0.512415 0.348383 0.005935 0.015807
0 0.519925 0.348565 0.006177 0.01617
0 0.527677 0.348383 0.005935 0.015807
0 0.652798 0.314408 0.006177 0.015807
0 0.725109 0.389081 0.005935 0.015443
0 0.677628 0.476472 0.010538 0.008176
0 0.744125 0.69722 0.011022 0.008903
0 0.645652 0.453579 0.006177 0.015443
0 0.65304 0.477925 0.006662 0.014717
0 0.560623 0.618187 0.006904 0.016897
0 0.509508 0.603107 0.00642 0.01617
0 0.284641 0.553143 0.021076 0.018714
0 0.352531 0.667424 0.022166 0.016533
0 0.291364 0.678234 0.011265 0.031613
0 0.396984 0.303234 0.02265 0.026526
0 0.256298 0.679415 0.017442 0.033975
0 0.308018 0.471384 0.0172 0.035065
4 0.693253 0.375363 0.024104 0.046148
4 0.387476 0.617188 0.018895 0.02798
4 0.296209 0.361555 0.08297 0.125363
4 0.70579 0.484102 0.021318 0.036882
4 0.569283 0.477834 0.123547 0.183503
4 0.259872 0.612464 0.027495 0.024346
4 0.419513 0.465207 0.060925 0.091751
4 0.692648 0.607286 0.063832 0.193132
1 0.250303 0.266261 0.005935 0.015807
1 0.314135 0.266806 0.00642 0.015443
1 0.25212 0.28879 0.006662 0.015443
1 0.645046 0.477925 0.006662 0.016533
1 0.509629 0.627271 0.006662 0.016533
1 0.607376 0.618368 0.006662 0.016533
1 0.614765 0.618368 0.006662 0.016533
1 0.622638 0.618732 0.006662 0.016533
1 0.630027 0.619095 0.006662 0.016533
1 0.648922 0.611646 0.006662 0.016533
1 0.641533 0.58839 0.006662 0.016533
1 0.648195 0.518805 0.006662 0.016533
1 0.341146 0.266079 0.006177 0.015443
1 0.291969 0.266443 0.006177 0.015443
1 0.284157 0.500273 0.013566 0.012536
1 0.231347 0.406704 0.013566 0.012536
1 0.368702 0.351108 0.013566 0.012536
1 0.356165 0.591661 0.00642 0.015443
1 0.247396 0.558957 0.00642 0.015443
1 0.309532 0.537518 0.00642 0.015443
1 0.348292 0.591297 0.00642 0.015443
1 0.466994 0.638717 0.00642 0.015443
1 0.474382 0.638899 0.00642 0.015443
1 0.291606 0.6369 0.00642 0.015443
1 0.370216 0.671239 0.00642 0.015443
1 0.482255 0.638717 0.00642 0.015443
1 0.489644 0.638536 0.00642 0.015443
1 0.729712 0.489553 0.006662 0.015807
1 0.466994 0.393986 0.00642 0.015807
1 0.642624 0.663972 0.006177 0.014717
1 0.579881 0.665062 0.006177 0.014717
1 0.619731 0.664335 0.006177 0.014717
1 0.621548 0.30169 0.006662 0.016897
1 0.652798 0.340752 0.006662 0.016897
1 0.661156 0.314226 0.006662 0.016897
1 0.686955 0.314589 0.006662 0.016897
1 0.73165 0.324945 0.006662 0.016897
1 0.699067 0.411246 0.01078 0.009629
1 0.678476 0.437046 0.01078 0.009629
1 0.678719 0.449945 0.01078 0.009629
1 0.715056 0.445585 0.01078 0.009629
1 0.232013 0.432322 0.011022 0.009993
1 0.677507 0.499364 0.01078 0.009629
1 0.333636 0.266261 0.00642 0.01508
1 0.265564 0.266261 0.00642 0.01508
1 0.536277 0.348565 0.00642 0.01617
1 0.326732 0.671239 0.00642 0.015443
1 0.258963 0.644168 0.020349 0.015807
1 0.455729 0.547693 0.006904 0.015807
1 0.449673 0.664335 0.006177 0.01617
1 0.59696 0.663972 0.00642 0.015443
1 0.58836 0.689771 0.00642 0.015443
1 0.231226 0.392169 0.013324 0.0129
1 0.306868 0.637264 0.00642 0.01508
1 0.570555 0.690134 0.006662 0.01617
1 0.570555 0.664335 0.006662 0.01617
1 0.555051 0.690134 0.006662 0.01617
1 0.555051 0.664335 0.006662 0.01617
1 0.479469 0.690134 0.006662 0.01617
1 0.479469 0.664335 0.006662 0.01617
1 0.464208 0.690134 0.006662 0.01617
1 0.463966 0.664335 0.006662 0.01617
1 0.509508 0.690134 0.006662 0.01617
1 0.509508 0.664335 0.006662 0.01617
1 0.494731 0.689771 0.006662 0.01617
1 0.494489 0.664335 0.006662 0.01617
1 0.540153 0.690134 0.006662 0.01617
1 0.53991 0.664698 0.006662 0.01617
1 0.524649 0.690134 0.006662 0.01617
1 0.524891 0.664698 0.006662 0.01617
1 0.258055 0.266806 0.006177 0.015443
1 0.396257 0.572765 0.00642 0.015807
1 0.33727 0.636537 0.00642 0.015807
1 0.388142 0.572765 0.00642 0.015807
1 0.543665 0.348383 0.00642 0.015807
1 0.677871 0.488281 0.010053 0.009629
1 0.232376 0.3502 0.01078 0.009266
1 0.324915 0.555868 0.006177 0.01508
1 0.317284 0.555868 0.006177 0.01508
1 0.63475 0.664153 0.006177 0.015807
1 0.579881 0.690316 0.006177 0.015807
1 0.588239 0.664153 0.006177 0.015807
1 0.604712 0.664517 0.006177 0.015807
1 0.627362 0.664517 0.006177 0.015807
1 0.6121 0.664517 0.005935 0.015807
1 0.329457 0.472747 0.0172 0.029433
1 0.249939 0.475109 0.011022 0.029797
5 0.422602 0.669604 0.015988 0.040879
