0 0.215625 0.165 0.08 0.19
0 0.06125 0.060417 0.08125 0.055833
0 0.059062 0.13875 0.076875 0.0675
0 0.414062 0.11 0.050625 0.093333
0 0.474687 0.109583 0.038125 0.0875
0 0.76375 0.197083 0.08125 0.195833
0 0.675 0.301667 0.055 0.135
0 0.596875 0.30375 0.06125 0.1275
0 0.417812 0.640833 0.086875 0.205
0 0.326875 0.66 0.08125 0.213333
0 0.08875 0.454167 0.04625 0.11
1 0.288438 0.115 0.048125 0.098333
1 0.349375 0.1125 0.045 0.098333
1 0.537188 0.106667 0.040625 0.105
1 0.604375 0.111667 0.0425 0.106667
1 0.030312 0.453333 0.051875 0.105
1 0.230313 0.677083 0.056875 0.110833
1 0.260937 0.853333 0.049375 0.108333
1 0.925312 0.120417 0.146875 0.100833
5 0.47375 0.3525 0.0625 0.166667
5 0.565 0.6125 0.135 0.086667
