0 0.066875 0.305 0.08125 0.063333
0 0.039375 0.458333 0.04375 0.096667
2 0.186562 0.512083 0.105625 0.0925
0 0.193125 0.603333 0.09875 0.085
0 0.462187 0.532917 0.041875 0.0875
0 0.550312 0.477917 0.078125 0.2125
0 0.638437 0.529583 0.040625 0.099167
0 0.765 0.57125 0.07 0.065833
0 0.76625 0.4825 0.06125 0.058333
0 0.765938 0.4 0.069375 0.06
2 0.638437 0.290417 0.101875 0.104167
0 0.922813 0.228333 0.141875 0.108333
0 0.964063 0.124583 0.068125 0.055833
1 0.2575 0.312917 0.05375 0.1025
1 0.196563 0.432917 0.085625 0.0675
1 0.351875 0.527083 0.0475 0.1025
1 0.81625 0.040417 0.07875 0.065833
1 0.568438 0.114583 0.158125 0.1175
1 0.933438 0.43375 0.049375 0.100833
