0 0.103125 0.136667 0.055 0.135
0 0.023125 0.322917 0.03125 0.064167
0 0.176563 0.315833 0.029375 0.061667
0 0.230625 0.096667 0.03125 0.065
0 0.270313 0.095833 0.025625 0.066667
0 0.459375 0.155 0.0525 0.123333
0 0.400313 0.220833 0.046875 0.08
0 0.350625 0.221667 0.03875 0.085
0 0.234375 0.438333 0.05625 0.123333
0 0.17875 0.462083 0.0525 0.1325
0 0.133125 0.714167 0.05125 0.126667
0 0.080312 0.717083 0.034375 0.059167
0 0.151875 0.90375 0.06125 0.1325
1 0.559688 0.029167 0.093125 0.056667
1 0.568438 0.099583 0.094375 0.069167
1 0.151562 0.100833 0.030625 0.066667
1 0.19125 0.100833 0.03125 0.068333
1 0.313125 0.0975 0.03375 0.07
1 0.355938 0.0975 0.033125 0.066667
1 0.114375 0.462917 0.0325 0.0675
1 0.137187 0.577083 0.033125 0.0675
1 0.217812 0.904167 0.055625 0.126667
1 0.275 0.904167 0.05 0.125
1 0.335625 0.895417 0.0525 0.1275
5 0.270937 0.25375 0.041875 0.1125
5 0.333437 0.421667 0.089375 0.065
4 0.279687 0.67125 0.108125 0.250833
