0 0.95375 0.445833 0.0475 0.095
0 0.890938 0.440833 0.049375 0.096667
0 0.727812 0.515417 0.048125 0.099167
0 0.325313 0.694167 0.088125 0.061667
0 0.161562 0.568333 0.076875 0.061667
0 0.323437 0.770833 0.078125 0.058333
0 0.744687 0.077917 0.049375 0.1025
1 0.11125 0.237083 0.0825 0.064167
1 0.11 0.319583 0.08 0.065833
1 0.112812 0.407917 0.078125 0.075833
1 0.045937 0.56875 0.074375 0.065833
1 0.110937 0.75125 0.085625 0.0675
1 0.112187 0.832917 0.075625 0.0675
1 0.111562 0.91625 0.083125 0.064167
1 0.115625 0.658333 0.07375 0.063333
1 0.655625 0.46125 0.0425 0.1025
1 0.807187 0.076667 0.051875 0.098333
2 0.545 0.437083 0.115 0.129167
