0 0.165313 0.08875 0.021875 0.060833
0 0.153438 0.371667 0.026875 0.056667
0 0.26 0.318333 0.025 0.063333
0 0.318125 0.219583 0.0475 0.039167
0 0.299687 0.3225 0.025625 0.065
2 0.399062 0.359167 0.061875 0.055
0 0.399687 0.414583 0.060625 0.055833
0 0.575 0.362083 0.02875 0.064167
0 0.633125 0.33 0.04875 0.131667
0 0.689688 0.364167 0.024375 0.061667
0 0.768437 0.280833 0.044375 0.035
0 0.771875 0.335417 0.04625 0.034167
0 0.770625 0.3875 0.0475 0.043333
2 0.6825 0.208333 0.07 0.056667
0 0.871563 0.169583 0.100625 0.079167
0 0.896875 0.09875 0.0475 0.034167
0 0.899062 0.045 0.048125 0.04
0 0.918438 0.300833 0.025625 0.061667
0 0.975 0.700417 0.025 0.064167
0 0.886563 0.894167 0.046875 0.038333
0 0.887813 0.940417 0.044375 0.0375
1 0.205313 0.090417 0.030625 0.064167
1 0.109063 0.335833 0.030625 0.061667
1 0.439063 0.222917 0.036875 0.070833
1 0.3975 0.29875 0.04875 0.0475
1 0.501563 0.366667 0.033125 0.066667
1 0.637188 0.098333 0.093125 0.063333
1 0.878125 0.3 0.02625 0.063333
1 0.799687 0.046667 0.046875 0.035
