1 0.682813 0.019167 0.056875 0.038333
1 0.683125 0.0725 0.0575 0.05
1 0.68375 0.131667 0.05 0.045
1 0.682187 0.182083 0.051875 0.044167
1 0.685625 0.239583 0.05 0.049167
1 0.68625 0.2925 0.05875 0.046667
1 0.687187 0.345 0.056875 0.05
1 0.686562 0.400833 0.053125 0.043333
1 0.690312 0.457917 0.054375 0.040833
1 0.691875 0.51125 0.0575 0.044167
1 0.689688 0.570833 0.054375 0.046667
1 0.69375 0.75625 0.0575 0.049167
1 0.695 0.80625 0.0525 0.045833
1 0.69375 0.863333 0.05125 0.046667
1 0.6925 0.917917 0.055 0.0475
1 0.695312 0.973333 0.053125 0.046667
0 0.798125 0.0775 0.04625 0.038333
0 0.796875 0.149167 0.0525 0.045
0 0.800625 0.312083 0.0525 0.039167
0 0.831562 0.565 0.033125 0.068333
0 0.950625 0.837083 0.02625 0.0625
