0 0.196887 0.345658 0.007146 0.015443
0 0.215782 0.345476 0.007146 0.015443
0 0.20046 0.569858 0.006783 0.01508
0 0.210574 0.57113 0.006904 0.015443
0 0.294513 0.330124 0.011022 0.007631
0 0.339026 0.292424 0.010417 0.007812
0 0.292212 0.385992 0.011022 0.007449
0 0.285187 0.402525 0.011022 0.008539
0 0.292636 0.446584 0.009932 0.007631
0 0.292696 0.459302 0.010296 0.008358
0 0.295058 0.531886 0.011143 0.008903
0 0.295361 0.545967 0.011022 0.009084
0 0.358285 0.736464 0.00751 0.016533
0 0.37603 0.606014 0.00642 0.015443
0 0.380269 0.282068 0.007631 0.016533
0 0.406916 0.282249 0.006662 0.014353
0 0.418484 0.281795 0.006541 0.016352
0 0.456214 0.278434 0.00642 0.014353
0 0.487888 0.288972 0.006298 0.015443
0 0.496487 0.288972 0.006298 0.014717
0 0.509811 0.254815 0.006056 0.014353
0 0.568617 0.289608 0.025073 0.024346
0 0.589632 0.294059 0.007267 0.01726
0 0.569162 0.321766 0.024225 0.024709
0 0.575581 0.359375 0.012839 0.007994
0 0.561349 0.377725 0.011265 0.008358
0 0.516231 0.374455 0.01187 0.010174
0 0.523559 0.407158 0.011265 0.008721
0 0.53991 0.427507 0.00642 0.017078
0 0.523135 0.421602 0.011143 0.008539
0 0.508297 0.452398 0.008358 0.018895
0 0.516897 0.510356 0.012476 0.010538
0 0.521015 0.529433 0.021923 0.014535
0 0.51617 0.547874 0.010296 0.009629
0 0.512112 0.574673 0.006541 0.015625
0 0.521076 0.574582 0.006783 0.016533
0 0.530402 0.574037 0.006783 0.01726
0 0.526647 0.62391 0.010659 0.010538
0 0.460635 0.641533 0.010901 0.008721
0 0.46124 0.658794 0.019622 0.015262
0 0.503452 0.673964 0.021197 0.014717
0 0.507267 0.692496 0.020833 0.016533
0 0.430172 0.664335 0.021439 0.014717
0 0.421875 0.611192 0.005572 0.014898
0 0.429506 0.611737 0.005572 0.015262
0 0.542575 0.730923 0.013445 0.012718
0 0.542696 0.746911 0.013687 0.011991
0 0.553779 0.766352 0.023014 0.014898
0 0.562621 0.691497 0.009932 0.008358
0 0.562561 0.703852 0.011265 0.008721
0 0.556323 0.649618 0.020349 0.01508
0 0.559411 0.616007 0.00642 0.01508
0 0.567769 0.618187 0.007146 0.016897
0 0.577519 0.616188 0.008236 0.019077
0 0.587391 0.616642 0.009084 0.019259
0 0.612706 0.61964 0.005208 0.01508
0 0.548086 0.608285 0.010659 0.029797
0 0.621306 0.579033 0.006177 0.013808
0 0.679627 0.65952 0.021318 0.015262
0 0.676962 0.641806 0.013566 0.010356
0 0.680596 0.679233 0.021802 0.013626
0 0.670543 0.772347 0.00751 0.015988
0 0.687742 0.771439 0.005814 0.014172
0 0.671814 0.817769 0.011507 0.030523
0 0.684351 0.818496 0.011143 0.030523
0 0.684532 0.878543 0.011507 0.031068
0 0.609375 0.812318 0.015504 0.013081
0 0.676781 0.61419 0.0086 0.023074
0 0.686652 0.619186 0.005814 0.015988
0 0.629966 0.533158 0.016957 0.031795
0 0.644501 0.520894 0.006541 0.015262
0 0.677265 0.412972 0.006662 0.015988
0 0.677265 0.381904 0.006904 0.017805
0 0.676841 0.347202 0.006298 0.016352
0 0.672905 0.457122 0.01078 0.008721
0 0.659036 0.268986 0.007025 0.015807
0 0.527737 0.673328 0.012355 0.010174
4 0.404494 0.445131 0.166061 0.246003
4 0.468811 0.709484 0.040819 0.032703
4 0.616461 0.700854 0.065528 0.089935
1 0.230136 0.245912 0.005814 0.014717
1 0.239159 0.246639 0.006177 0.014717
1 0.251332 0.247638 0.006056 0.014172
1 0.260538 0.245458 0.005572 0.014535
1 0.273438 0.245912 0.007146 0.015443
1 0.281856 0.245458 0.00751 0.015988
1 0.290758 0.246185 0.00642 0.017078
1 0.2996 0.246003 0.007873 0.016715
1 0.308806 0.246003 0.006662 0.016352
1 0.232134 0.272075 0.010296 0.008176
1 0.226502 0.285338 0.009205 0.008903
1 0.226562 0.300781 0.009327 0.008903
1 0.338481 0.246094 0.006177 0.014717
1 0.347687 0.244822 0.006177 0.015443
1 0.356529 0.245549 0.006662 0.01508
1 0.365492 0.245367 0.00642 0.015443
1 0.374637 0.244731 0.006056 0.014535
1 0.383721 0.24564 0.006541 0.015262
1 0.392502 0.245004 0.006904 0.01617
1 0.401223 0.245185 0.007873 0.016533
1 0.409641 0.245004 0.00751 0.014717
1 0.419392 0.245004 0.005935 0.015807
1 0.428234 0.245549 0.0086 0.015443
1 0.446827 0.24573 0.008479 0.016533
1 0.437137 0.245094 0.007025 0.015625
1 0.454578 0.245094 0.005572 0.014172
1 0.463966 0.246003 0.007146 0.016715
1 0.47305 0.245367 0.007631 0.01617
1 0.482255 0.244913 0.007146 0.016352
1 0.49025 0.243641 0.007146 0.015262
1 0.500121 0.244186 0.007025 0.014172
1 0.509024 0.229924 0.006904 0.014717
1 0.535732 0.244004 0.006783 0.016715
1 0.527011 0.243823 0.007994 0.015625
1 0.544392 0.244186 0.007146 0.016352
1 0.666122 0.345749 0.006662 0.015262
1 0.667212 0.380814 0.006662 0.016715
1 0.667515 0.413063 0.006298 0.015443
1 0.673086 0.442133 0.011386 0.010356
1 0.673086 0.493459 0.011628 0.008721
1 0.642502 0.485193 0.012476 0.010356
1 0.559835 0.530796 0.010659 0.031432
1 0.572432 0.532158 0.010174 0.02907
1 0.584121 0.531704 0.009327 0.029615
1 0.59696 0.532613 0.011507 0.033975
1 0.610223 0.531432 0.011386 0.030523
1 0.648256 0.57867 0.006783 0.016352
1 0.667091 0.620185 0.007873 0.017987
1 0.630148 0.618914 0.006177 0.014353
1 0.599685 0.614462 0.007025 0.017442
1 0.562016 0.664971 0.010417 0.009448
1 0.5625 0.67778 0.011386 0.009629
1 0.562561 0.716661 0.011507 0.007449
1 0.563045 0.73065 0.011507 0.009993
1 0.678658 0.770712 0.007025 0.014535
1 0.65304 0.803779 0.01078 0.030523
1 0.641049 0.804597 0.011265 0.028888
1 0.628937 0.803416 0.011022 0.03125
1 0.430293 0.685592 0.021197 0.01508
1 0.431383 0.703943 0.022166 0.016533
1 0.431323 0.722929 0.023014 0.015262
1 0.502725 0.652071 0.01078 0.007994
1 0.526647 0.60883 0.010174 0.009811
1 0.521863 0.359012 0.010053 0.008358
1 0.561592 0.390534 0.011265 0.008903
1 0.584787 0.42133 0.011628 0.009811
4 0.234072 0.458212 0.063348 0.188953
4 0.348292 0.668514 0.075218 0.092478
1 0.484557 0.659611 0.010053 0.009629
1 0.574188 0.799964 0.010296 0.028706
1 0.585574 0.800327 0.010296 0.028706
1 0.561955 0.801417 0.010296 0.028706
1 0.601805 0.791879 0.00642 0.015443
1 0.56789 0.585302 0.00642 0.015807
1 0.539184 0.467569 0.010296 0.009993
1 0.516049 0.487009 0.010296 0.009993
1 0.526829 0.453579 0.006177 0.014717
1 0.676781 0.583666 0.00642 0.01617
0 0.653767 0.620004 0.005693 0.013626
0 0.584363 0.408339 0.010296 0.009629
4 0.595809 0.575491 0.015504 0.040516
