1 0.659062 0.17 0.056875 0.046667
1 0.658438 0.2275 0.053125 0.04
1 0.660312 0.285 0.053125 0.048333
1 0.617188 0.394583 0.046875 0.039167
1 0.661875 0.447083 0.0525 0.040833
1 0.661875 0.505417 0.055 0.044167
1 0.66125 0.559167 0.05125 0.038333
1 0.661875 0.61625 0.0525 0.044167
1 0.660937 0.6725 0.059375 0.048333
1 0.664062 0.72625 0.054375 0.040833
1 0.664687 0.7825 0.059375 0.036667
1 0.663125 0.835417 0.0475 0.0425
1 0.664062 0.890833 0.048125 0.046667
1 0.663438 0.944167 0.048125 0.045
2 0.937187 0.302083 0.085625 0.0875
0 0.796562 0.47125 0.051875 0.035833
0 0.800625 0.52 0.04125 0.036667
0 0.769375 0.719583 0.0475 0.0325
0 0.695937 0.393333 0.049375 0.036667
0 0.778125 0.9525 0.0475 0.035
