0 0.139687 0.270833 0.050625 0.143333
0 0.198437 0.26875 0.050625 0.135833
0 0.084375 0.297083 0.03 0.060833
0 0.021875 0.439167 0.04375 0.04
0 0.485312 0.228333 0.046875 0.038333
0 0.483438 0.332083 0.046875 0.039167
0 0.625625 0.245833 0.10375 0.07
0 0.623125 0.323333 0.10125 0.068333
0 0.809063 0.2475 0.108125 0.085
0 0.609375 0.700833 0.0425 0.078333
0 0.02 0.687083 0.04 0.035833
1 0.481875 0.28125 0.04875 0.034167
1 0.580937 0.43375 0.090625 0.0675
1 0.585938 0.505833 0.098125 0.066667
1 0.584063 0.5825 0.094375 0.076667
1 0.549375 0.749167 0.04875 0.043333
1 0.572187 0.84125 0.096875 0.069167
1 0.572187 0.914583 0.096875 0.0675
1 0.021875 0.57875 0.04125 0.0475
1 0.021562 0.36 0.041875 0.041667
0 0.324062 0.27125 0.176875 0.169167
5 0.701875 0.763333 0.0825 0.055
4 0.270625 0.6525 0.28125 0.371667
