0 0.077813 0.282083 0.048125 0.0425
0 0.185625 0.279167 0.0475 0.036667
0 0.282187 0.280833 0.046875 0.036667
0 0.418438 0.301667 0.024375 0.051667
0 0.615938 0.473333 0.041875 0.036667
0 0.646563 0.56375 0.118125 0.1075
0 0.793125 0.616667 0.04875 0.038333
0 0.91375 0.667083 0.05625 0.0425
0 0.916875 0.417083 0.0425 0.044167
0 0.89625 0.27875 0.0675 0.054167
0 0.912188 0.21625 0.043125 0.0425
0 0.977187 0.277917 0.029375 0.0575
2 0.54875 0.910417 0.04375 0.0825
0 0.909062 0.825833 0.061875 0.06
0 0.904375 0.8825 0.05875 0.048333
0 0.908438 0.93625 0.043125 0.0375
0 0.269375 0.847083 0.02625 0.069167
0 0.119688 0.905833 0.026875 0.058333
2 0.073125 0.925833 0.03625 0.075
1 0.07625 0.349167 0.04375 0.035
1 0.180938 0.338333 0.044375 0.041667
1 0.283125 0.337917 0.04625 0.044167
1 0.37125 0.303333 0.0325 0.068333
1 0.527813 0.301667 0.033125 0.065
1 0.505313 0.490417 0.030625 0.0575
1 0.309375 0.84625 0.0275 0.060833
1 0.648125 0.689167 0.09375 0.065
1 0.644687 0.765 0.105625 0.066667
1 0.649062 0.838333 0.099375 0.068333
1 0.647813 0.916667 0.113125 0.07
1 0.80875 0.937917 0.05125 0.0475
1 0.78875 0.452083 0.04625 0.035833
1 0.80375 0.275 0.05 0.04
1 0.910625 0.34 0.0425 0.043333
1 0.914687 0.560417 0.050625 0.039167
1 0.900312 0.743333 0.046875 0.043333
4 0.778438 0.774167 0.130625 0.101667
