0 0.332188 0.560417 0.058125 0.044167
0 0.119688 0.03375 0.058125 0.044167
0 0.121563 0.189583 0.058125 0.044167
0 0.120313 0.264583 0.058125 0.044167
0 0.495625 0.587083 0.07375 0.155833
0 0.920625 0.52375 0.03125 0.080833
0 0.6125 0.42125 0.03125 0.080833
0 0.680625 0.427083 0.03125 0.080833
0 0.85625 0.450417 0.03125 0.080833
0 0.920625 0.33375 0.03125 0.080833
4 0.197813 0.767917 0.076875 0.169167
1 0.334375 0.338333 0.06375 0.05
1 0.600625 0.89 0.06375 0.05
1 0.33125 0.415 0.06375 0.05
1 0.791562 0.423333 0.039375 0.085
1 0.148438 0.495 0.039375 0.085
1 0.622188 0.681667 0.039375 0.085
1 0.682187 0.625833 0.039375 0.085
