1 0.6975 0.051667 0.03625 0.085
1 0.2325 0.115 0.03625 0.085
1 0.59875 0.351667 0.03625 0.085
1 0.666875 0.494167 0.03625 0.085
1 0.6375 0.050833 0.03625 0.085
0 0.965938 0.549583 0.033125 0.080833
0 0.290312 0.31625 0.033125 0.080833
0 0.349687 0.405417 0.033125 0.080833
0 0.407813 0.40375 0.033125 0.080833
0 0.481563 0.10375 0.033125 0.080833
0 0.580937 0.102917 0.033125 0.080833
0 0.507812 0.494583 0.033125 0.080833
0 0.609062 0.492917 0.033125 0.080833
0 0.728437 0.540417 0.033125 0.080833
0 0.801562 0.549583 0.033125 0.080833
0 0.865313 0.547083 0.033125 0.080833
4 0.851562 0.154167 0.180625 0.191667
1 0.489375 0.288333 0.06125 0.051667
1 0.128125 0.414167 0.06125 0.051667
1 0.129375 0.506667 0.06125 0.051667
0 0.136875 0.887917 0.07625 0.160833
