0 0.4125 0.056667 0.145 0.1
0 0.094687 0.355833 0.090625 0.081667
0 0.100625 0.721667 0.14125 0.098333
0 0.210313 0.830833 0.046875 0.04
0 0.586875 0.098333 0.07125 0.051667
0 0.74 0.025 0.07125 0.05
0 0.7725 0.12375 0.03 0.0675
0 0.407813 0.1775 0.048125 0.04
1 0.173437 0.170833 0.079375 0.193333
1 0.239687 0.944167 0.049375 0.045
1 0.216562 0.411667 0.049375 0.045
1 0.238437 0.520833 0.049375 0.045
1 0.239687 0.615833 0.049375 0.045
1 0.242188 0.8875 0.049375 0.045
4 0.604062 0.587083 0.433125 0.5725
