1 0.975313 0.924583 0.021875 0.044167
1 0.556562 0.819583 0.034375 0.029167
1 0.449688 0.02375 0.034375 0.029167
1 0.353438 0.569583 0.034375 0.029167
1 0.353438 0.610417 0.034375 0.029167
1 0.267813 0.434583 0.034375 0.029167
1 0.267813 0.472917 0.034375 0.029167
1 0.555312 0.860417 0.034375 0.029167
1 0.364687 0.39125 0.021875 0.044167
0 0.695312 0.864167 0.016875 0.043333
0 0.728125 0.866667 0.01875 0.043333
0 0.815 0.87875 0.01875 0.044167
0 0.848125 0.82125 0.02 0.045833
0 0.847812 0.915417 0.020625 0.045833
0 0.917188 0.9025 0.043125 0.085
0 0.976875 0.820417 0.01875 0.044167
1 0.465938 0.897917 0.021875 0.044167
0 0.637188 0.946667 0.040625 0.08
0 0.55625 0.931667 0.03125 0.026667
1 0.727812 0.96375 0.021875 0.044167
0 0.451562 0.7475 0.033125 0.026667
0 0.450625 0.783333 0.03125 0.026667
0 0.314063 0.737917 0.033125 0.0275
0 0.451875 0.669583 0.0325 0.024167
0 0.449688 0.564167 0.033125 0.026667
0 0.44375 0.42375 0.02 0.045833
0 0.449375 0.345833 0.0325 0.025
0 0.267188 0.395833 0.034375 0.026667
0 0.267813 0.509167 0.033125 0.026667
1 0.318437 0.909583 0.034375 0.029167
1 0.317188 0.947917 0.034375 0.029167
1 0.782813 0.862083 0.021875 0.044167
1 0.393437 0.424583 0.021875 0.044167
0 0.452188 0.21 0.040625 0.085
4 0.743125 0.434583 0.43375 0.5725
0 0.745625 0.044167 0.01875 0.043333
0 0.7825 0.049583 0.02 0.045833
0 0.814063 0.048333 0.018125 0.041667
0 0.862812 0.050833 0.016875 0.043333
0 0.958438 0.069167 0.033125 0.026667
0 0.687813 0.021667 0.020625 0.043333
0 0.636875 0.020833 0.02 0.041667
1 0.714688 0.023333 0.021875 0.046667
0 0.267188 0.066667 0.030625 0.026667
