4 0.172813 0.549167 0.345625 0.726667
0 0.498125 0.207917 0.04875 0.0375
0 0.7725 0.124167 0.05 0.04
0 0.765312 0.244167 0.026875 0.063333
0 0.779375 0.455417 0.0475 0.035833
0 0.784375 0.612917 0.04875 0.034167
0 0.786563 0.730417 0.045625 0.035833
0 0.786875 0.786667 0.04875 0.04
0 0.5775 0.723333 0.04875 0.04
0 0.50375 0.38 0.04875 0.04
1 0.5 0.324167 0.0525 0.043333
1 0.946875 0.836667 0.0525 0.043333
1 0.946875 0.895833 0.0525 0.043333
1 0.63375 0.529167 0.0525 0.043333
1 0.6325 0.468333 0.0525 0.043333
1 0.5 0.268333 0.0525 0.043333
1 0.691875 0.245 0.03125 0.066667
1 0.809375 0.958333 0.03125 0.066667
1 0.64625 0.195 0.03125 0.066667
