0 0.6725 0.3575 0.04 0.083333
0 0.759062 0.187083 0.043125 0.0875
0 0.760625 0.424583 0.03875 0.0825
0 0.6225 0.435 0.04375 0.086667
0 0.620625 0.337917 0.02 0.044167
0 0.7575 0.654583 0.03625 0.0275
0 0.754375 0.718333 0.0325 0.026667
0 0.755938 0.775833 0.033125 0.025
0 0.755313 0.097917 0.034375 0.0275
0 0.755938 0.024167 0.034375 0.025
1 0.75375 0.060417 0.035 0.0275
1 0.7625 0.548333 0.02 0.046667
2 0.593125 0.15625 0.1625 0.220833
4 0.540312 0.369583 0.085625 0.0975
0 0.844688 0.987917 0.030625 0.024167
1 0.84375 0.949583 0.0325 0.029167
