0 0.367812 0.049167 0.144375 0.098333
0 0.54125 0.090417 0.0725 0.055833
0 0.048125 0.347083 0.08625 0.079167
0 0.164062 0.82375 0.046875 0.0375
0 0.728437 0.11375 0.028125 0.065833
0 0.945312 0.549583 0.048125 0.0375
0 0.944063 0.369583 0.045625 0.035833
0 0.945937 0.617917 0.049375 0.0375
1 0.940937 0.309583 0.050625 0.039167
1 0.195312 0.880417 0.050625 0.039167
1 0.195312 0.937917 0.050625 0.039167
1 0.192812 0.609583 0.050625 0.039167
1 0.191562 0.509583 0.050625 0.039167
1 0.169687 0.402917 0.050625 0.039167
1 0.952187 0.715417 0.029375 0.070833
0 0.362187 0.167083 0.046875 0.035833
1 0.1275 0.162917 0.08 0.1875
4 0.56125 0.580833 0.435 0.583333
