0 0.170937 0.513333 0.076875 0.16
0 0.692813 0.2275 0.034375 0.081667
0 0.032813 0.353333 0.034375 0.081667
0 0.032813 0.543333 0.034375 0.081667
0 0.296563 0.349167 0.034375 0.081667
0 0.44125 0.15125 0.06375 0.0475
0 0.45 0.046667 0.0875 0.065
0 0.497812 0.24375 0.058125 0.045833
0 0.616563 0.2425 0.048125 0.123333
0 0.894687 0.020833 0.060625 0.041667
0 0.4975 0.31875 0.06125 0.0475
0 0.898125 0.494583 0.06125 0.0475
0 0.898125 0.57125 0.06125 0.0475
0 0.495 0.394583 0.06125 0.0475
1 0.296875 0.707917 0.03625 0.085833
1 0.295 0.567083 0.03625 0.085833
1 0.506563 0.805 0.065625 0.051667
1 0.135937 0.721667 0.065625 0.051667
1 0.497188 0.531667 0.065625 0.051667
