4 0.165937 0.587083 0.264375 0.295833
4 0.637188 0.441667 0.094375 0.143333
4 0.790312 0.536667 0.055625 0.128333
0 0.505313 0.720833 0.091875 0.081667
0 0.43375 0.867083 0.06125 0.125833
4 0.699063 0.855417 0.138125 0.140833
0 0.361875 0.892917 0.03125 0.0675
0 0.890312 0.3825 0.048125 0.041667
0 0.731563 0.1625 0.046875 0.038333
0 0.732187 0.105 0.045625 0.036667
0 0.523438 0.0975 0.048125 0.04
0 0.936875 0.78875 0.02875 0.069167
0 0.978125 0.790417 0.02875 0.065833
0 0.828438 0.844167 0.048125 0.038333
1 0.887813 0.273333 0.048125 0.041667
1 0.891563 0.214167 0.048125 0.041667
1 0.389688 0.604167 0.048125 0.041667
1 0.387188 0.546667 0.048125 0.041667
1 0.829063 0.901667 0.048125 0.041667
1 0.509062 0.530833 0.048125 0.041667
1 0.532188 0.411667 0.048125 0.041667
1 0.530937 0.355833 0.048125 0.041667
1 0.509062 0.59 0.048125 0.041667
1 0.7525 0.33375 0.03125 0.065833
1 0.756563 0.7025 0.048125 0.041667
