4 0.205937 0.230417 0.123125 0.0975
0 0.80375 0.409583 0.1825 0.130833
0 0.826875 0.775833 0.1175 0.105
0 0.855625 0.590833 0.06 0.046667
0 0.855625 0.66625 0.0575 0.054167
0 0.902188 0.25875 0.063125 0.054167
0 0.901563 0.18125 0.061875 0.0525
0 0.3575 0.322917 0.03375 0.084167
0 0.388125 0.180417 0.03375 0.084167
1 0.05875 0.25125 0.03625 0.0875
1 0.517813 0.08375 0.065625 0.050833
1 0.08125 0.107083 0.03625 0.0875
1 0.025 0.105417 0.03625 0.0875
4 0.205937 0.230417 0.123125 0.0975
0 0.80375 0.409583 0.1825 0.130833
0 0.826875 0.775833 0.1175 0.105
0 0.855625 0.590833 0.06 0.046667
0 0.855625 0.66625 0.0575 0.054167
0 0.902188 0.25875 0.063125 0.054167
0 0.901563 0.18125 0.061875 0.0525
0 0.3575 0.322917 0.03375 0.084167
0 0.388125 0.180417 0.03375 0.084167
1 0.05875 0.25125 0.03625 0.0875
1 0.517813 0.08375 0.065625 0.050833
1 0.08125 0.107083 0.03625 0.0875
1 0.025 0.105417 0.03625 0.0875
