0 0.304688 0.8975 0.090625 0.083333
0 0.677188 0.695417 0.093125 0.079167
0 0.744687 0.578333 0.090625 0.081667
0 0.75 0.404583 0.0625 0.124167
0 0.676562 0.796667 0.091875 0.081667
0 0.850625 0.764167 0.075 0.186667
0 0.958125 0.7625 0.0725 0.186667
0 0.930937 0.934167 0.048125 0.041667
0 0.489687 0.93 0.045625 0.036667
0 0.166875 0.91625 0.0275 0.060833
0 0.209375 0.914583 0.0275 0.0625
0 0.284062 0.815 0.046875 0.038333
0 0.095312 0.83 0.048125 0.035
0 0.095937 0.946667 0.046875 0.036667
1 0.644062 0.311667 0.050625 0.041667
1 0.379688 0.8125 0.050625 0.041667
1 0.489687 0.871667 0.050625 0.041667
0 0.605 0.57625 0.0275 0.065833
0 0.648125 0.575417 0.03 0.0675
0 0.614375 0.460417 0.0275 0.065833
0 0.6625 0.409583 0.0275 0.065833
1 0.529687 0.759167 0.050625 0.041667
1 0.88125 0.53125 0.07625 0.0625
4 0.273125 0.34625 0.44 0.5775
