0 0.51125 0.257083 0.09375 0.0675
0 0.580937 0.331667 0.033125 0.026667
0 0.732812 0.514167 0.018125 0.043333
0 0.648438 0.514167 0.018125 0.043333
0 0.648438 0.606667 0.018125 0.043333
0 0.845313 0.529583 0.026875 0.0625
0 0.97375 0.578333 0.0475 0.128333
0 0.906875 0.578333 0.0475 0.128333
0 0.375625 0.470833 0.02 0.048333
0 0.2975 0.546667 0.02 0.048333
0 0.34875 0.545 0.02 0.048333
0 0.3475 0.47 0.02 0.048333
0 0.356875 0.4 0.02 0.048333
0 0.354063 0.262083 0.030625 0.0275
0 0.404375 0.375 0.0325 0.025
1 0.600938 0.189583 0.033125 0.029167
1 0.487812 0.629583 0.033125 0.029167
1 0.361563 0.300417 0.033125 0.029167
1 0.600313 0.40625 0.033125 0.029167
1 0.598437 0.125417 0.033125 0.029167
1 0.584063 0.052917 0.033125 0.029167
1 0.352187 0.227083 0.033125 0.029167
1 0.601562 0.367917 0.033125 0.029167
1 0.6175 0.607917 0.02 0.044167
1 0.2975 0.469583 0.02 0.044167
1 0.40625 0.469583 0.02 0.044167
1 0.405 0.542083 0.02 0.044167
1 0.379375 0.540417 0.02 0.044167
1 0.6175 0.512917 0.02 0.044167
1 0.403438 0.337083 0.033125 0.029167
1 0.432812 0.63125 0.033125 0.029167
4 0.517188 0.53125 0.050625 0.114167
4 0.29125 0.369583 0.0625 0.050833
4 0.842812 0.18 0.285625 0.36
