0 0.101875 0.417917 0.06125 0.124167
0 0.19125 0.295417 0.0275 0.065833
0 0.241875 0.299583 0.0275 0.0625
0 0.42125 0.22875 0.03 0.065833
0 0.420625 0.370417 0.0275 0.070833
0 0.3725 0.31625 0.02625 0.069167
0 0.6175 0.22375 0.02875 0.0675
0 0.769062 0.143333 0.049375 0.038333
0 0.769062 0.201667 0.046875 0.04
0 0.770938 0.255833 0.050625 0.038333
0 0.727187 0.075833 0.048125 0.038333
0 0.85875 0.143333 0.03875 0.096667
0 0.918125 0.13125 0.03125 0.069167
0 0.524375 0.347083 0.065 0.124167
0 0.025625 0.809583 0.03 0.065833
0 0.069375 0.810417 0.03 0.0675
0 0.11375 0.782917 0.03 0.0675
1 0.245625 0.742083 0.02875 0.065833
1 0.155625 0.747083 0.02875 0.065833
1 0.2 0.764583 0.02875 0.065833
0 0.458125 0.782917 0.02625 0.064167
0 0.501875 0.78125 0.02875 0.069167
0 0.543125 0.78125 0.0275 0.064167
1 0.497188 0.5025 0.050625 0.041667
1 0.183438 0.648333 0.050625 0.041667
1 0.737187 0.9025 0.050625 0.041667
1 0.777188 0.565 0.050625 0.041667
1 0.735938 0.800833 0.050625 0.041667
1 0.198125 0.490417 0.03125 0.069167
1 0.61875 0.387083 0.03125 0.069167
1 0.62 0.494583 0.03125 0.069167
1 0.324375 0.295417 0.03125 0.069167
1 0.2425 0.447083 0.03125 0.069167
1 0.770938 0.359167 0.050625 0.041667
0 0.922188 0.809583 0.078125 0.1625
