1 0.09875 0.030833 0.0525 0.04
1 0.13625 0.9 0.0525 0.04
1 0.1375 0.955833 0.0525 0.04
1 0.21875 0.839167 0.0525 0.04
1 0.21625 0.783333 0.0525 0.04
1 0.21625 0.724167 0.0525 0.04
1 0.135 0.729167 0.0525 0.04
1 0.026875 0.439167 0.0525 0.04
0 0.022187 0.264583 0.044375 0.035833
0 0.222188 0.2725 0.028125 0.066667
0 0.023438 0.38125 0.044375 0.035833
1 0.03125 0.209167 0.0525 0.04
0 0.135625 0.785 0.0475 0.04
0 0.13875 0.8425 0.0475 0.04
0 0.219375 0.955417 0.05 0.035833
0 0.064687 0.900833 0.026875 0.065
0 0.062812 0.754167 0.028125 0.068333
1 0.051875 0.604167 0.03125 0.065
1 0.17875 0.275 0.03125 0.065
1 0.136875 0.276667 0.03125 0.065
4 0.168125 0.499583 0.13875 0.099167
