0 0.093125 0.048333 0.01875 0.043333
0 0.501875 0.381667 0.01875 0.041667
0 0.12125 0.045833 0.01875 0.041667
0 0.14875 0.044167 0.01875 0.041667
0 0.2325 0.400833 0.01875 0.041667
0 0.20125 0.433333 0.01875 0.041667
0 0.19375 0.509167 0.01875 0.041667
0 0.2225 0.509167 0.01875 0.041667
0 0.289687 0.3975 0.043125 0.08
0 0.240937 0.59 0.061875 0.053333
0 0.187188 0.915 0.061875 0.053333
0 0.285313 0.511667 0.061875 0.053333
0 0.398125 0.064167 0.05125 0.1
0 0.356875 0.635417 0.05125 0.125833
0 0.515 0.254583 0.05125 0.125833
0 0.515 0.78625 0.05125 0.125833
0 0.5025 0.608333 0.05125 0.1
0 0.42625 0.635417 0.05125 0.125833
0 0.059062 0.953333 0.096875 0.07
0 0.242188 0.655833 0.061875 0.053333
0 0.407187 0.78625 0.033125 0.029167
0 0.109687 0.87375 0.033125 0.029167
0 0.109687 0.835417 0.033125 0.029167
0 0.119063 0.742917 0.033125 0.029167
0 0.407813 0.747083 0.033125 0.029167
0 0.539375 0.391667 0.025 0.065
1 0.376563 0.481667 0.050625 0.041667
1 0.464062 0.48125 0.065625 0.0575
1 0.118125 0.705417 0.035 0.030833
1 0.22125 0.33625 0.035 0.030833
1 0.27625 0.12625 0.035 0.030833
1 0.275625 0.05875 0.035 0.030833
1 0.145625 0.632083 0.035 0.030833
1 0.045625 0.66625 0.035 0.030833
