1 0.29125 0.33375 0.03625 0.084167
0 0.475 0.320417 0.1175 0.1025
0 0.497812 0.142917 0.179375 0.129167
0 0.287187 0.111667 0.053125 0.123333
1 0.38875 0.57125 0.10125 0.2525
4 0.739688 0.249167 0.099375 0.233333
2 0.677188 0.657917 0.328125 0.440833
1 0.29125 0.33375 0.03625 0.084167
0 0.475 0.320417 0.1175 0.1025
0 0.497812 0.142917 0.179375 0.129167
0 0.287187 0.111667 0.053125 0.123333
1 0.38875 0.57125 0.10125 0.2525
4 0.739688 0.249167 0.099375 0.233333
2 0.677188 0.657917 0.328125 0.440833
