0 0.065 0.953333 0.04375 0.091667
0 0.39875 0.2025 0.04375 0.091667
0 0.39875 0.2025 0.04375 0.091667
0 0.944375 0.230833 0.04375 0.091667
0 0.968125 0.088333 0.04375 0.091667
0 0.910625 0.086667 0.04375 0.091667
1 0.234375 0.87125 0.06875 0.054167
1 0.055625 0.41625 0.06875 0.054167
1 0.230625 0.449583 0.06875 0.054167
1 0.23375 0.695417 0.06875 0.054167
0 0.232813 0.620833 0.061875 0.046667
0 0.052187 0.339167 0.061875 0.046667
0 0.056563 0.494167 0.061875 0.046667
0 0.054688 0.733333 0.061875 0.045
0 0.053437 0.823333 0.061875 0.046667
0 0.230313 0.524167 0.061875 0.046667
0 0.425312 0.744167 0.200625 0.336667
0 0.62125 0.87 0.07875 0.166667
0 0.70375 0.840417 0.03625 0.084167
1 0.065 0.953333 0.04375 0.091667
1 0.39875 0.2025 0.04375 0.091667
1 0.39875 0.2025 0.04375 0.091667
1 0.944375 0.230833 0.04375 0.091667
1 0.968125 0.088333 0.04375 0.091667
1 0.910625 0.086667 0.04375 0.091667
1 0.234375 0.87125 0.06875 0.054167
1 0.055625 0.41625 0.06875 0.054167
1 0.230625 0.449583 0.06875 0.054167
1 0.23375 0.695417 0.06875 0.054167
0 0.232813 0.620833 0.061875 0.046667
0 0.052187 0.339167 0.061875 0.046667
0 0.056563 0.494167 0.061875 0.046667
0 0.054688 0.733333 0.061875 0.045
0 0.053437 0.823333 0.061875 0.046667
0 0.230313 0.524167 0.061875 0.046667
0 0.425312 0.744167 0.200625 0.336667
0 0.62125 0.87 0.07875 0.166667
0 0.70375 0.840417 0.03625 0.084167
