0 0.243096 0.237827 0.006541 0.006177
0 0.293241 0.273256 0.007267 0.006177
0 0.308503 0.273347 0.007025 0.007086
0 0.314741 0.241279 0.004482 0.010901
0 0.241764 0.279978 0.004118 0.010174
0 0.253997 0.279978 0.004118 0.010174
0 0.296633 0.257994 0.004118 0.010174
0 0.302568 0.257994 0.004118 0.010174
0 0.374939 0.313227 0.005451 0.016715
0 0.390625 0.306141 0.004118 0.010174
0 0.410732 0.242733 0.004118 0.010174
0 0.416667 0.242733 0.004118 0.010174
0 0.30281 0.297693 0.012839 0.013626
0 0.276405 0.309684 0.007025 0.006359
0 0.290455 0.320312 0.007025 0.006177
0 0.276163 0.374182 0.007025 0.006359
0 0.275921 0.389898 0.007025 0.006177
0 0.276163 0.328125 0.007025 0.006177
0 0.263748 0.340752 0.008842 0.019077
0 0.278949 0.343568 0.004118 0.010538
0 0.367369 0.243096 0.004118 0.010174
0 0.373425 0.243096 0.004118 0.010174
0 0.39656 0.306141 0.004118 0.010174
0 0.402616 0.306141 0.004118 0.010174
0 0.389293 0.274709 0.007025 0.006177
0 0.411458 0.357831 0.013081 0.01399
0 0.31141 0.312409 0.007025 0.006359
0 0.311168 0.323401 0.007025 0.006177
0 0.275921 0.400345 0.007025 0.006359
0 0.257267 0.480378 0.007025 0.006177
0 0.275194 0.411337 0.007025 0.006177
0 0.271802 0.430414 0.007025 0.006177
0 0.271802 0.446039 0.007025 0.006177
0 0.240795 0.449855 0.007025 0.006177
0 0.241037 0.43423 0.007025 0.006177
0 0.264293 0.462028 0.007025 0.006177
0 0.264535 0.47093 0.007025 0.006177
0 0.226562 0.450127 0.009327 0.018714
0 0.301841 0.504633 0.013081 0.0129
0 0.32328 0.505451 0.004118 0.011265
0 0.335877 0.507722 0.00751 0.006722
0 0.358043 0.505632 0.003876 0.010901
0 0.374637 0.505269 0.004118 0.010901
0 0.252604 0.702398 0.004482 0.010901
0 0.275133 0.70258 0.004239 0.010538
0 0.418484 0.447039 0.013324 0.013626
0 0.416303 0.472747 0.004118 0.010174
0 0.248244 0.562863 0.004239 0.009811
0 0.278767 0.563045 0.004239 0.010901
0 0.331214 0.563227 0.004482 0.010538
0 0.34914 0.563408 0.004239 0.010174
0 0.385841 0.548874 0.004239 0.011265
0 0.38681 0.505269 0.004482 0.010901
0 0.392866 0.505451 0.004239 0.010538
0 0.25866 0.70258 0.004239 0.010538
0 0.287185 0.702943 0.003876 0.010538
0 0.300872 0.703125 0.012597 0.013081
0 0.325642 0.745821 0.006662 0.006541
0 0.338905 0.702398 0.013324 0.012355
0 0.328367 0.729833 0.013324 0.012355
0 0.339995 0.746003 0.013324 0.012355
0 0.428779 0.674691 0.00436 0.010356
0 0.375363 0.703216 0.00436 0.010356
0 0.385417 0.702852 0.00436 0.010356
0 0.394864 0.703216 0.00436 0.010356
0 0.485344 0.185592 0.093266 0.015443
0 0.513021 0.231105 0.010296 0.008721
0 0.575703 0.239916 0.021076 0.016533
0 0.609678 0.228016 0.010296 0.009084
0 0.606529 0.343659 0.009327 0.01944
0 0.513869 0.310047 0.013929 0.013263
0 0.532158 0.311682 0.009327 0.01944
0 0.595991 0.343659 0.009327 0.01944
0 0.555172 0.326036 0.009327 0.01944
0 0.54415 0.326036 0.009327 0.01944
0 0.676417 0.309502 0.013203 0.012536
0 0.622638 0.317496 0.013203 0.012536
0 0.622638 0.333303 0.013203 0.012536
0 0.575703 0.27371 0.004603 0.009993
0 0.569646 0.273528 0.004603 0.010719
0 0.456819 0.445858 0.007389 0.006541
0 0.459605 0.454578 0.007631 0.007267
0 0.459726 0.463844 0.007389 0.006541
0 0.414062 0.379906 0.006662 0.006904
0 0.399164 0.379906 0.007631 0.007631
0 0.408127 0.389898 0.007389 0.006904
0 0.457425 0.355015 0.007146 0.006177
0 0.406189 0.417515 0.006904 0.006541
0 0.405947 0.428234 0.007389 0.006541
0 0.457304 0.363554 0.006904 0.006541
0 0.457546 0.373183 0.007389 0.006541
0 0.493883 0.682504 0.008358 0.019077
0 0.46663 0.569677 0.01296 0.0129
0 0.469658 0.584847 0.007631 0.007267
0 0.451611 0.554052 0.008358 0.019077
0 0.48165 0.637809 0.008358 0.019077
0 0.491097 0.615825 0.010053 0.009629
0 0.492914 0.638172 0.008358 0.019077
0 0.572553 0.611283 0.020107 0.024164
0 0.572553 0.640898 0.020107 0.023801
0 0.57219 0.667424 0.01938 0.015807
0 0.580729 0.68641 0.007146 0.006904
0 0.57001 0.693405 0.005814 0.01508
0 0.577398 0.725745 0.005814 0.01508
0 0.572977 0.763081 0.01078 0.029797
0 0.58515 0.763172 0.00436 0.009993
0 0.556989 0.762536 0.010053 0.028706
0 0.541122 0.762718 0.010296 0.02907
0 0.686228 0.723656 0.010296 0.008721
0 0.693798 0.705033 0.019622 0.015443
0 0.694041 0.683412 0.019138 0.014717
0 0.661034 0.569677 0.012718 0.0129
0 0.669392 0.604833 0.015625 0.031613
0 0.68853 0.60556 0.016352 0.03234
0 0.712694 0.579306 0.020591 0.024528
0 0.712694 0.608194 0.020591 0.023801
0 0.6379 0.553688 0.01296 0.0129
0 0.635841 0.540334 0.007389 0.006904
0 0.607679 0.641806 0.00436 0.010356
0 0.626575 0.641988 0.00436 0.010719
0 0.633721 0.641988 0.004118 0.010719
0 0.595809 0.642351 0.004603 0.012173
0 0.610586 0.61419 0.00436 0.011446
0 0.617914 0.614099 0.004482 0.011991
0 0.657158 0.636446 0.006177 0.014898
0 0.682837 0.785338 0.006904 0.007449
0 0.697735 0.785883 0.007389 0.006359
0 0.642078 0.829578 0.010659 0.028706
0 0.653767 0.806504 0.004724 0.011628
0 0.603561 0.830033 0.008721 0.01944
0 0.660308 0.861828 0.004482 0.009993
0 0.663639 0.877453 0.007752 0.007086
0 0.675145 0.871094 0.007752 0.007812
0 0.675085 0.880178 0.007146 0.007086
0 0.687197 0.88036 0.007146 0.006722
0 0.686894 0.896711 0.007994 0.006722
0 0.642018 0.877634 0.004724 0.011083
0 0.682716 0.758812 0.007146 0.007086
0 0.558987 0.489553 0.009205 0.01944
0 0.569465 0.47411 0.003997 0.011083
0 0.531553 0.485374 0.004482 0.011083
0 0.537609 0.485193 0.004724 0.010719
0 0.543907 0.484829 0.004482 0.010719
0 0.549721 0.485374 0.004239 0.011083
0 0.569344 0.448855 0.004239 0.010356
0 0.582788 0.450127 0.007146 0.007086
0 0.594295 0.455214 0.007389 0.006722
0 0.557352 0.44831 0.004482 0.010719
0 0.566194 0.424691 0.007389 0.006722
0 0.566315 0.433775 0.007146 0.007086
0 0.556141 0.408703 0.003997 0.011083
0 0.583152 0.368914 0.004966 0.010356
0 0.589087 0.369095 0.004482 0.009993
0 0.60126 0.384448 0.010901 0.030523
0 0.615492 0.376363 0.004239 0.010719
0 0.621427 0.376181 0.004724 0.010356
0 0.630329 0.380996 0.009448 0.018895
0 0.564559 0.404887 0.008963 0.020531
0 0.568617 0.366007 0.004239 0.010719
0 0.649588 0.431686 0.010417 0.030523
0 0.664002 0.435229 0.008963 0.01944
0 0.481953 0.517533 0.007994 0.006359
0 0.647045 0.465025 0.010174 0.009266
0 0.465056 0.486283 0.004482 0.010719
0 0.514293 0.328943 0.007752 0.007086
0 0.531371 0.332213 0.007752 0.007086
0 0.531371 0.341116 0.007752 0.007086
0 0.519259 0.338935 0.007752 0.007086
0 0.511991 0.242823 0.007994 0.007086
0 0.390504 0.287518 0.009932 0.009266
0 0.39874 0.337936 0.007025 0.006177
0 0.383236 0.31468 0.004118 0.010174
0 0.269804 0.737645 0.006177 0.014898
0 0.249516 0.356014 0.010659 0.008539
3 0.547662 0.242733 0.017321 0.015625
3 0.460332 0.275254 0.017321 0.015262
4 0.511022 0.641533 0.019138 0.018169
4 0.672602 0.547238 0.019138 0.015988
4 0.557292 0.725109 0.01187 0.028343
4 0.684835 0.82758 0.021318 0.018895
4 0.658915 0.899437 0.008721 0.021984
4 0.586119 0.479015 0.009448 0.022347
4 0.658551 0.393714 0.01938 0.017805
4 0.657219 0.284157 0.011143 0.03016
4 0.43211 0.494913 0.015625 0.013808
4 0.422299 0.526435 0.015383 0.022711
4 0.330002 0.771439 0.016352 0.029433
4 0.266109 0.25 0.010174 0.028706
4 0.25969 0.302416 0.008721 0.020531
4 0.256722 0.632812 0.077156 0.068314
4 0.337088 0.412427 0.092054 0.137718
4 0.437016 0.625636 0.032946 0.056504
4 0.50642 0.410792 0.060562 0.09048
4 0.244852 0.392078 0.015383 0.029433
4 0.365734 0.633539 0.077156 0.068314
4 0.510174 0.708939 0.01938 0.015988
4 0.694162 0.284339 0.010659 0.02907
4 0.628513 0.722202 0.061047 0.091933
1 0.675145 0.896348 0.007752 0.007449
1 0.687137 0.862191 0.007994 0.007086
1 0.687137 0.871275 0.007994 0.006722
1 0.65413 0.862009 0.004966 0.011083
1 0.648316 0.875091 0.004724 0.010356
1 0.636325 0.877998 0.004724 0.011083
1 0.682776 0.795149 0.007752 0.007086
1 0.697674 0.795331 0.007752 0.006722
1 0.659823 0.799691 0.004482 0.010719
1 0.665637 0.800418 0.004724 0.010719
1 0.631117 0.799509 0.005208 0.011083
1 0.620942 0.799873 0.004724 0.011083
1 0.609557 0.803779 0.004724 0.012355
1 0.673389 0.657522 0.004724 0.011628
1 0.643653 0.641261 0.008479 0.007449
1 0.637779 0.614826 0.004966 0.011628
1 0.649528 0.614553 0.005208 0.011083
1 0.624092 0.614553 0.004966 0.010356
1 0.604227 0.614371 0.004966 0.010719
1 0.601684 0.642169 0.004724 0.010719
1 0.585635 0.588209 0.008963 0.007086
1 0.576732 0.498092 0.007146 0.006722
1 0.576248 0.507177 0.007146 0.007086
1 0.588299 0.502089 0.007752 0.007449
1 0.665213 0.46448 0.008236 0.007449
1 0.574915 0.429052 0.004966 0.011083
1 0.55602 0.389353 0.004724 0.011991
1 0.562682 0.366188 0.004724 0.011083
1 0.550448 0.357104 0.005208 0.010719
1 0.626696 0.22847 0.007752 0.007449
1 0.508358 0.615825 0.008236 0.007086
1 0.471112 0.486192 0.005208 0.011991
1 0.485223 0.487009 0.007752 0.007086
1 0.439014 0.577943 0.005208 0.011991
1 0.4332 0.577943 0.004966 0.011991
1 0.418665 0.547783 0.005208 0.011991
1 0.412851 0.548147 0.004966 0.011991
1 0.437318 0.553052 0.005208 0.011991
1 0.431504 0.553052 0.004966 0.011991
1 0.449794 0.501363 0.004724 0.011083
1 0.411337 0.501544 0.008236 0.007086
1 0.453488 0.436682 0.008236 0.006722
1 0.455669 0.427416 0.008721 0.007086
1 0.453367 0.417424 0.008479 0.007086
1 0.421754 0.417787 0.008236 0.007086
1 0.42672 0.427416 0.008236 0.007086
1 0.442527 0.430687 0.004724 0.010356
1 0.398922 0.472111 0.004724 0.010719
1 0.404857 0.472293 0.004724 0.011083
1 0.406129 0.400345 0.007752 0.007086
1 0.503815 0.332213 0.004724 0.010719
1 0.527192 0.283249 0.006662 0.015625
1 0.527132 0.255178 0.009205 0.020531
1 0.459484 0.314317 0.004724 0.011628
1 0.470506 0.314771 0.004966 0.011083
1 0.435017 0.305414 0.004966 0.011628
1 0.413336 0.306414 0.004724 0.009993
1 0.427326 0.338027 0.007994 0.007449
1 0.416061 0.338754 0.007752 0.007449
1 0.427871 0.363917 0.005208 0.012355
1 0.42242 0.674964 0.004724 0.011628
1 0.281432 0.702852 0.004482 0.010719
1 0.269198 0.702671 0.004482 0.011083
1 0.240613 0.702398 0.004724 0.011991
1 0.246548 0.702307 0.004239 0.011083
1 0.228985 0.699219 0.007389 0.007086
1 0.229651 0.716479 0.007752 0.007449
1 0.358406 0.700672 0.007752 0.006359
1 0.270652 0.767805 0.004724 0.011628
1 0.265201 0.505996 0.004724 0.011628
1 0.272105 0.50536 0.004724 0.011083
1 0.337391 0.563408 0.004724 0.011628
1 0.343568 0.563318 0.004724 0.009993
1 0.33079 0.532431 0.007994 0.006359
1 0.335938 0.522802 0.007389 0.007086
1 0.265686 0.565316 0.007389 0.007449
1 0.358709 0.535792 0.004724 0.011628
1 0.364886 0.535701 0.004724 0.009993
1 0.220385 0.525527 0.004482 0.011083
1 0.216449 0.50318 0.007994 0.007449
1 0.204578 0.50318 0.007752 0.007449
1 0.193798 0.502634 0.007994 0.007086
1 0.206274 0.476472 0.007994 0.008176
1 0.206274 0.485011 0.007994 0.006722
1 0.217599 0.485011 0.007389 0.006722
1 0.222263 0.474473 0.007752 0.007086
1 0.236919 0.415789 0.007752 0.006722
1 0.236797 0.425055 0.007994 0.007449
1 0.255511 0.448492 0.005208 0.011083
1 0.260417 0.431959 0.008236 0.007086
1 0.26187 0.368368 0.008721 0.007086
1 0.277435 0.275345 0.007389 0.007086
1 0.277737 0.284793 0.008479 0.006722
1 0.260598 0.279797 0.004966 0.011628
1 0.314499 0.257358 0.004724 0.010719
1 0.290758 0.241007 0.004724 0.010719
1 0.308321 0.257722 0.004724 0.010719
1 0.302628 0.240643 0.004724 0.010719
1 0.296451 0.241007 0.004724 0.010719
1 0.291 0.257903 0.005208 0.011083
1 0.243459 0.247366 0.008479 0.006359
1 0.243338 0.256086 0.007752 0.007449
1 0.217478 0.262173 0.005208 0.012355
1 0.23601 0.27798 0.004966 0.011628
1 0.248123 0.28016 0.004482 0.011628
1 0.583939 0.812863 0.020107 0.016352
1 0.68314 0.449491 0.020349 0.017442
