0 0.39 0.330833 0.14125 0.101667
0 0.585938 0.275 0.093125 0.083333
0 0.586562 0.375417 0.094375 0.079167
0 0.637813 0.529167 0.059375 0.128333
0 0.716875 0.529583 0.06625 0.1225
0 0.776875 0.544583 0.02875 0.065833
0 0.432812 0.4675 0.050625 0.04
0 0.467187 0.216667 0.049375 0.038333
0 0.465938 0.16 0.049375 0.04
0 0.477812 0.019167 0.048125 0.038333
0 0.920312 0.0225 0.048125 0.038333
0 0.919687 0.079167 0.046875 0.04
0 0.434688 0.524167 0.049375 0.041667
0 0.410938 0.606667 0.088125 0.081667
0 0.171563 0.7975 0.150625 0.101667
0 0.155938 0.935833 0.094375 0.083333
0 0.0175 0.775833 0.035 0.095
0 0.060625 0.272083 0.0325 0.070833
0 0.083125 0.16125 0.02875 0.065833
0 0.084062 0.0375 0.049375 0.04
1 0.179063 0.09 0.049375 0.038333
1 0.019375 0.94625 0.03375 0.0725
4 0.354063 0.88 0.080625 0.183333
4 0.879375 0.857917 0.1375 0.104167
