0 0.408125 0.09625 0.09 0.069167
0 0.6575 0.12875 0.03625 0.0825
0 0.167813 0.196667 0.064375 0.045
0 0.938125 0.32125 0.0675 0.0525
0 0.9425 0.801667 0.06 0.048333
0 0.94125 0.475 0.06 0.048333
0 0.943125 0.711667 0.06 0.048333
1 0.952187 0.934583 0.039375 0.085833
1 0.942187 0.395417 0.064375 0.054167
0 0.408125 0.09625 0.09 0.069167
0 0.6575 0.12875 0.03625 0.0825
0 0.167813 0.196667 0.064375 0.045
0 0.938125 0.32125 0.0675 0.0525
0 0.9425 0.801667 0.06 0.048333
0 0.94125 0.475 0.06 0.048333
0 0.943125 0.711667 0.06 0.048333
1 0.952187 0.934583 0.039375 0.085833
1 0.942187 0.395417 0.064375 0.054167
