0 0.096562 0.106667 0.091875 0.081667
0 0.097812 0.213333 0.091875 0.081667
0 0.205625 0.195833 0.04 0.095
4 0.088438 0.388333 0.080625 0.181667
2 0.38625 0.260417 0.24125 0.3375
0 0.671875 0.10125 0.02875 0.0675
1 0.815625 0.127917 0.02875 0.069167
0 0.830937 0.570833 0.053125 0.041667
0 0.830313 0.625833 0.049375 0.038333
0 0.832812 0.684167 0.049375 0.036667
0 0.832812 0.7425 0.049375 0.038333
0 0.810312 0.83125 0.093125 0.079167
0 0.884687 0.929167 0.046875 0.038333
1 0.206875 0.35875 0.0325 0.0675
