0 0.67875 0.684583 0.09 0.240833
0 0.544375 0.677083 0.09 0.240833
0 0.196875 0.552917 0.035 0.084167
0 0.025 0.55625 0.035 0.084167
0 0.02625 0.74875 0.035 0.084167
0 0.420625 0.585833 0.0475 0.121667
1 0.840313 0.42375 0.063125 0.050833
1 0.941562 0.047083 0.038125 0.085833
0 0.67875 0.684583 0.09 0.240833
0 0.544375 0.677083 0.09 0.240833
0 0.196875 0.552917 0.035 0.084167
0 0.025 0.55625 0.035 0.084167
0 0.02625 0.74875 0.035 0.084167
0 0.420625 0.585833 0.0475 0.121667
1 0.840313 0.42375 0.063125 0.050833
1 0.941562 0.047083 0.038125 0.085833
