0 0.389062 0.205417 0.085625 0.159167
0 0.380312 0.434167 0.121875 0.11
0 0.292187 0.588333 0.121875 0.11
0 0.290312 0.725833 0.121875 0.11
0 0.891563 0.188333 0.050625 0.121667
0 0.254063 0.426667 0.038125 0.08
0 0.818438 0.1725 0.038125 0.08
0 0.274687 0.2075 0.038125 0.08
0 0.209063 0.275833 0.038125 0.08
0 0.195937 0.4275 0.038125 0.08
1 0.039375 0.82375 0.06875 0.050833
1 0.25125 0.079583 0.06875 0.050833
1 0.095 0.672083 0.06875 0.050833
0 0.040938 0.900833 0.061875 0.045
0 0.627812 0.909583 0.064375 0.0525
0 0.664375 0.6825 0.09375 0.248333
0 0.5225 0.680833 0.09375 0.248333
0 0.818125 0.63125 0.09375 0.204167
1 0.737812 0.37 0.121875 0.108333
1 0.562187 0.370833 0.098125 0.08
0 0.389062 0.205417 0.085625 0.159167
0 0.380312 0.434167 0.121875 0.11
0 0.292187 0.588333 0.121875 0.11
0 0.290312 0.725833 0.121875 0.11
0 0.891563 0.188333 0.050625 0.121667
0 0.254063 0.426667 0.038125 0.08
0 0.818438 0.1725 0.038125 0.08
0 0.274687 0.2075 0.038125 0.08
0 0.209063 0.275833 0.038125 0.08
0 0.195937 0.4275 0.038125 0.08
1 0.039375 0.82375 0.06875 0.050833
1 0.25125 0.079583 0.06875 0.050833
1 0.095 0.672083 0.06875 0.050833
0 0.040938 0.900833 0.061875 0.045
0 0.627812 0.909583 0.064375 0.0525
0 0.664375 0.6825 0.09375 0.248333
0 0.5225 0.680833 0.09375 0.248333
0 0.818125 0.63125 0.09375 0.204167
1 0.737812 0.37 0.121875 0.108333
1 0.562187 0.370833 0.098125 0.08
