0 0.0475 0.26625 0.05875 0.050833
0 0.18625 0.18625 0.05875 0.050833
0 0.18625 0.257083 0.05875 0.050833
0 0.4025 0.090833 0.04375 0.086667
0 0.354375 0.11 0.02 0.043333
0 0.2575 0.245417 0.0275 0.0625
1 0.258125 0.35375 0.02 0.045833
0 0.910937 0.64625 0.033125 0.0275
0 0.672813 0.572083 0.033125 0.0275
0 0.671562 0.532083 0.033125 0.0275
0 0.670312 0.495417 0.033125 0.0275
0 0.671562 0.610417 0.033125 0.0275
0 0.787813 0.65625 0.033125 0.0275
0 0.706562 0.732083 0.033125 0.0275
0 0.788438 0.73375 0.033125 0.0275
0 0.861563 0.7125 0.020625 0.043333
0 0.834063 0.7125 0.020625 0.043333
0 0.928125 0.70125 0.06 0.0575
0 0.567813 0.185417 0.021875 0.044167
0 0.66375 0.078333 0.0325 0.025
0 0.735625 0.042083 0.01875 0.044167
0 0.763125 0.043333 0.01875 0.041667
0 0.792188 0.025 0.018125 0.041667
2 0.375 0.290833 0.1625 0.223333
4 0.179063 0.371667 0.053125 0.118333
1 0.664375 0.115833 0.03625 0.026667
1 0.661563 0.203333 0.018125 0.048333
0 0.179375 0.763333 0.07125 0.128333
0 0.2775 0.760833 0.07125 0.128333
0 0.100937 0.760833 0.049375 0.123333
0 0.039375 0.81 0.01875 0.046667
0 0.658125 0.67 0.0625 0.053333
0 0.784062 0.814167 0.018125 0.043333
0 0.76875 0.886667 0.01875 0.048333
0 0.179063 0.904583 0.033125 0.0275
0 0.18 0.978333 0.03125 0.025
1 0.849688 0.766667 0.034375 0.026667
1 0.179688 0.940833 0.034375 0.026667
1 0.267188 0.958333 0.034375 0.026667
1 0.34875 0.835417 0.01875 0.045833
1 0.63125 0.77875 0.01875 0.045833
1 0.60375 0.777083 0.01875 0.045833
1 0.620625 0.849583 0.01875 0.045833
4 0.695 0.842083 0.06375 0.050833
