0 0.16875 0.056667 0.03125 0.026667
0 0.255625 0.07125 0.0325 0.0275
0 0.256563 0.117917 0.033125 0.024167
0 0.17 0.1725 0.0325 0.026667
0 0.169375 0.216667 0.02875 0.025
0 0.189062 0.365417 0.045625 0.035833
0 0.290938 0.4375 0.098125 0.096667
0 0.288438 0.555 0.096875 0.101667
0 0.399687 0.384167 0.041875 0.083333
0 0.449062 0.24 0.041875 0.086667
0 0.49 0.225417 0.01875 0.044167
0 0.836875 0.307083 0.09625 0.065833
0 0.825 0.397083 0.05875 0.0575
0 0.72875 0.293333 0.02875 0.068333
0 0.04375 0.597083 0.05125 0.125833
0 0.281875 0.712917 0.07875 0.134167
0 0.3725 0.71 0.075 0.138333
0 0.130312 0.75 0.154375 0.105
4 0.471562 0.454583 0.050625 0.120833
2 0.918125 0.568333 0.1625 0.218333
0 0.353438 0.172917 0.106875 0.165833
1 0.77875 0.52 0.04875 0.121667
4 0.951562 0.360833 0.053125 0.123333
2 0.605625 0.330833 0.1625 0.218333
1 0.174063 0.281667 0.021875 0.048333
1 0.255937 0.0325 0.033125 0.026667
1 0.124063 0.466667 0.033125 0.026667
1 0.258437 0.316667 0.033125 0.026667
1 0.257188 0.243333 0.033125 0.026667
1 0.255937 0.155833 0.033125 0.026667
1 0.730938 0.405833 0.021875 0.048333
