0 0.355938 0.582917 0.159375 0.2525
4 0.855 0.18125 0.09625 0.075833
1 0.088125 0.742083 0.03375 0.069167
1 0.215312 0.794167 0.049375 0.038333
1 0.080312 0.339167 0.049375 0.038333
1 0.210313 0.365 0.049375 0.038333
1 0.212812 0.55 0.049375 0.038333
1 0.215312 0.683333 0.049375 0.038333
1 0.33625 0.179583 0.03375 0.069167
1 0.72 0.089583 0.03375 0.069167
1 0.764375 0.089583 0.03375 0.069167
1 0.74625 0.197083 0.03375 0.069167
0 0.080312 0.5775 0.049375 0.038333
0 0.080312 0.399167 0.046875 0.036667
0 0.075938 0.284167 0.050625 0.038333
0 0.210313 0.4225 0.044375 0.035
0 0.211562 0.494167 0.046875 0.036667
0 0.080937 0.645 0.045625 0.038333
0 0.11125 0.869167 0.07 0.056667
0 0.503125 0.676667 0.0625 0.128333
0 0.428125 0.89875 0.0625 0.120833
0 0.565625 0.65625 0.02875 0.0675
0 0.97125 0.25125 0.03 0.0625
0 0.874062 0.02 0.046875 0.04
2 0.740625 0.814167 0.23875 0.328333
0 0.928125 0.7575 0.04 0.096667
1 0.930625 0.92375 0.03 0.0725
