4 0.819375 0.78375 0.0925 0.0975
0 0.635625 0.66875 0.0625 0.054167
0 0.635625 0.755417 0.01875 0.044167
0 0.685312 0.754583 0.020625 0.044167
0 0.539687 0.859167 0.018125 0.043333
0 0.569375 0.904167 0.01875 0.043333
0 0.598437 0.90125 0.018125 0.045833
0 0.648125 0.947917 0.01875 0.045833
0 0.697812 0.947917 0.018125 0.044167
0 0.757188 0.9725 0.018125 0.041667
0 0.792188 0.975 0.016875 0.041667
0 0.824375 0.974167 0.02 0.041667
0 0.874062 0.977083 0.018125 0.040833
0 0.931875 0.813333 0.02875 0.068333
0 0.280313 0.80125 0.033125 0.0275
1 0.396875 0.625417 0.0325 0.0275
1 0.270937 0.912083 0.020625 0.044167
1 0.469687 0.45625 0.020625 0.044167
1 0.467813 0.527083 0.020625 0.044167
1 0.467813 0.597917 0.020625 0.044167
1 0.714688 0.72875 0.020625 0.044167
1 0.893437 0.88125 0.020625 0.044167
1 0.557187 0.634583 0.020625 0.044167
1 0.524062 0.605417 0.020625 0.044167
1 0.524062 0.534583 0.020625 0.044167
1 0.551562 0.534583 0.020625 0.044167
1 0.743437 0.72875 0.020625 0.044167
1 0.692187 0.87625 0.020625 0.044167
1 0.725313 0.947083 0.020625 0.044167
1 0.460938 0.9525 0.033125 0.026667
1 0.639687 0.845833 0.033125 0.026667
1 0.459062 0.906667 0.033125 0.026667
1 0.512813 0.757083 0.020625 0.044167
