0 0.117188 0.12875 0.091875 0.084167
0 0.122188 0.259167 0.028125 0.065
0 0.199375 0.257083 0.03125 0.060833
0 0.02875 0.489167 0.03 0.068333
0 0.071875 0.485833 0.0325 0.065
0 0.1475 0.552083 0.03 0.060833
0 0.224375 0.550417 0.03 0.060833
0 0.313437 0.583333 0.026875 0.065
0 0.36875 0.5875 0.03 0.066667
0 0.415625 0.588333 0.03 0.068333
0 0.490312 0.585833 0.028125 0.066667
0 0.647813 0.46625 0.094375 0.079167
0 0.709063 0.58 0.028125 0.066667
0 0.798438 0.579167 0.028125 0.065
0 0.63625 0.607917 0.0475 0.035833
0 0.748437 0.7125 0.025625 0.065
0 0.8625 0.83625 0.065 0.129167
0 0.866563 0.65625 0.040625 0.099167
0 0.7925 0.9125 0.03 0.068333
0 0.739688 0.913333 0.026875 0.063333
0 0.979375 0.881667 0.03125 0.068333
0 0.975625 0.735833 0.03 0.068333
4 0.400313 0.292083 0.139375 0.145833
0 0.9325 0.244167 0.04875 0.041667
0 0.935312 0.362083 0.045625 0.0375
0 0.57375 0.331667 0.0375 0.095
1 0.9625 0.581667 0.03375 0.066667
1 0.5175 0.441667 0.03375 0.066667
1 0.28375 0.215 0.03375 0.066667
1 0.241875 0.216667 0.03375 0.066667
1 0.26375 0.5475 0.03375 0.066667
1 0.21375 0.441667 0.03375 0.066667
1 0.918125 0.581667 0.03375 0.066667
1 0.130625 0.3975 0.05125 0.043333
1 0.943125 0.189167 0.05125 0.043333
1 0.93375 0.305833 0.05125 0.043333
1 0.9375 0.420833 0.05125 0.043333
4 0.829688 0.416667 0.096875 0.091667
