0 0.7875 0.610417 0.07125 0.054167
0 0.78125 0.688333 0.04875 0.041667
0 0.825625 0.754583 0.0475 0.0375
0 0.91375 0.7525 0.0375 0.095
0 0.971875 0.739167 0.03 0.068333
0 0.82375 0.812083 0.05 0.0375
0 0.825937 0.867917 0.045625 0.0375
0 0.674063 0.836667 0.028125 0.068333
0 0.477187 0.845833 0.028125 0.065
0 0.42875 0.934167 0.03125 0.065
0 0.2975 0.92 0.03 0.068333
0 0.245938 0.913333 0.028125 0.066667
1 0.38 0.913333 0.03125 0.066667
1 0.03625 0.914167 0.0525 0.04
1 0.828125 0.97 0.0525 0.04
1 0.0375 0.858333 0.0525 0.04
