0 0.173437 0.490417 0.123125 0.114167
0 0.173437 0.359583 0.123125 0.114167
0 0.341875 0.69375 0.08125 0.1625
0 0.239375 0.69375 0.08125 0.1625
0 0.906563 0.525833 0.051875 0.125
0 0.615313 0.024167 0.061875 0.048333
0 0.617188 0.099167 0.061875 0.048333
0 0.423125 0.715 0.03375 0.08
2 0.663125 0.697083 0.31125 0.440833
0 0.173437 0.490417 0.123125 0.114167
0 0.173437 0.359583 0.123125 0.114167
0 0.341875 0.69375 0.08125 0.1625
0 0.239375 0.69375 0.08125 0.1625
0 0.906563 0.525833 0.051875 0.125
0 0.615313 0.024167 0.061875 0.048333
0 0.617188 0.099167 0.061875 0.048333
0 0.423125 0.715 0.03375 0.08
2 0.663125 0.697083 0.31125 0.440833
