1 0.245312 0.0775 0.021875 0.046667
1 0.215938 0.0775 0.021875 0.046667
1 0.298438 0.312917 0.034375 0.029167
1 0.299063 0.162083 0.034375 0.029167
1 0.353438 0.162083 0.034375 0.029167
1 0.353438 0.19875 0.034375 0.029167
1 0.352187 0.234583 0.034375 0.029167
1 0.299687 0.27375 0.034375 0.029167
0 0.352812 0.312917 0.033125 0.0275
0 0.251875 0.2725 0.01875 0.043333
0 0.25125 0.177083 0.01875 0.044167
0 0.29875 0.198333 0.0325 0.026667
0 0.29875 0.234583 0.0325 0.024167
0 0.174375 0.237917 0.045 0.0875
0 0.18 0.122917 0.02875 0.065833
0 0.1375 0.070833 0.02 0.043333
0 0.079062 0.07125 0.020625 0.049167
0 0.030625 0.087917 0.0325 0.029167
0 0.1025 0.157917 0.01875 0.045833
0 0.094062 0.289583 0.020625 0.044167
0 0.128438 0.292917 0.020625 0.045833
0 0.34625 0.644167 0.035 0.026667
0 0.346875 0.681667 0.03125 0.026667
0 0.245312 0.782917 0.020625 0.045833
0 0.206875 0.79 0.0275 0.065
0 0.149062 0.788333 0.033125 0.026667
0 0.149688 0.82625 0.034375 0.024167
0 0.149688 0.865 0.033125 0.026667
0 0.049688 0.840417 0.018125 0.044167
0 0.125312 0.691667 0.049375 0.036667
0 0.120625 0.7425 0.0325 0.026667
0 0.3475 0.914583 0.03125 0.0275
0 0.346562 0.95375 0.034375 0.0275
1 0.049688 0.94625 0.020625 0.045833
1 0.149688 0.930833 0.034375 0.026667
