4 0.530312 0.354583 0.120625 0.104167
0 0.2875 0.415 0.11875 0.1
0 0.191875 0.230833 0.05 0.123333
1 0.705 0.580417 0.0375 0.085833
1 0.115625 0.37875 0.0375 0.085833
1 0.645625 0.580417 0.0375 0.085833
0 0.575 0.669167 0.04875 0.125
0 0.565937 0.9075 0.084375 0.16
0 0.939688 0.141667 0.033125 0.081667
0 0.719688 0.78 0.033125 0.081667
0 0.417812 0.7425 0.033125 0.081667
0 0.486563 0.5675 0.033125 0.081667
0 0.369063 0.565833 0.033125 0.081667
0 0.078437 0.570833 0.033125 0.081667
0 0.669687 0.127083 0.058125 0.0475
0 0.815312 0.82375 0.058125 0.0475
0 0.816562 0.897083 0.058125 0.0475
0 0.269688 0.602917 0.058125 0.0475
0 0.672188 0.284583 0.058125 0.0475
1 0.925 0.897917 0.06375 0.044167
1 0.673125 0.205417 0.06375 0.044167
1 0.685625 0.052917 0.06375 0.044167
1 0.88 0.146667 0.0375 0.083333
1 0.82375 0.145833 0.0375 0.083333
1 0.674375 0.357917 0.06375 0.044167
1 0.816875 0.747917 0.06375 0.044167
1 0.924375 0.742917 0.06375 0.044167
1 0.924375 0.822917 0.06375 0.044167
4 0.862187 0.439167 0.170625 0.123333
