0 0.928438 0.881667 0.063125 0.046667
0 0.172813 0.574167 0.063125 0.046667
0 0.171563 0.4975 0.063125 0.046667
0 0.169063 0.421667 0.063125 0.046667
0 0.172813 0.651667 0.063125 0.046667
0 0.240937 0.899167 0.063125 0.046667
0 0.405313 0.898333 0.063125 0.046667
0 0.404687 0.745 0.063125 0.046667
0 0.655312 0.725833 0.063125 0.046667
0 0.141563 0.76875 0.123125 0.1025
0 0.684688 0.835 0.120625 0.11
0 0.555937 0.856667 0.038125 0.078333
0 0.499688 0.86 0.038125 0.078333
1 0.527813 0.969583 0.063125 0.0525
1 0.781563 0.725417 0.063125 0.0525
1 0.928438 0.80625 0.063125 0.0525
0 0.928438 0.881667 0.063125 0.046667
0 0.172813 0.574167 0.063125 0.046667
0 0.171563 0.4975 0.063125 0.046667
0 0.169063 0.421667 0.063125 0.046667
0 0.172813 0.651667 0.063125 0.046667
0 0.240937 0.899167 0.063125 0.046667
0 0.405313 0.898333 0.063125 0.046667
0 0.404687 0.745 0.063125 0.046667
0 0.655312 0.725833 0.063125 0.046667
0 0.141563 0.76875 0.123125 0.1025
0 0.684688 0.835 0.120625 0.11
0 0.555937 0.856667 0.038125 0.078333
0 0.499688 0.86 0.038125 0.078333
1 0.527813 0.969583 0.063125 0.0525
1 0.781563 0.725417 0.063125 0.0525
1 0.928438 0.80625 0.063125 0.0525
