1 0.348534 0.400799 0.006904 0.016715
1 0.335453 0.401708 0.006904 0.016715
1 0.414608 0.709938 0.011628 0.009993
1 0.339147 0.429052 0.011628 0.009629
4 0.365855 0.398983 0.019985 0.017078
0 0.380208 0.43214 0.011386 0.009993
0 0.352108 0.366733 0.011386 0.009993
2 0.522226 0.472384 0.006662 0.016715
2 0.364947 0.542242 0.011386 0.009993
2 0.486616 0.472929 0.006662 0.016715
0 0.54742 0.385265 0.00642 0.017987
0 0.474019 0.47193 0.00642 0.017987
0 0.522347 0.442678 0.00642 0.017987
0 0.572614 0.475563 0.00642 0.017987
0 0.606589 0.419604 0.009205 0.015807
0 0.603561 0.418514 0.006056 0.017987
4 0.579518 0.418332 0.033551 0.038336
5 0.345385 0.640716 0.010296 0.032158
1 0.585271 0.365825 0.011628 0.009993
4 0.453609 0.63363 0.158915 0.142987
0 0.435925 0.516624 0.058624 0.089935
0 0.572311 0.5873 0.058624 0.087028
