1 0.365007 0.426962 0.006904 0.016715
1 0.343023 0.426508 0.007025 0.016533
1 0.380632 0.760992 0.012476 0.011083
1 0.354651 0.454488 0.011628 0.009629
4 0.381117 0.424055 0.019985 0.017078
0 0.387234 0.453761 0.011386 0.009993
0 0.369792 0.392805 0.01187 0.010538
0 0.530402 0.478016 0.013324 0.010538
2 0.488251 0.523619 0.007025 0.017442
0 0.535247 0.430414 0.008236 0.007631
0 0.475957 0.524618 0.00642 0.017987
0 0.532098 0.460392 0.012112 0.010174
0 0.551478 0.483194 0.005087 0.011446
4 0.553173 0.444222 0.019864 0.017442
5 0.318314 0.702489 0.019864 0.016897
4 0.418484 0.683775 0.158915 0.142987
0 0.402011 0.563681 0.058624 0.084121
0 0.538033 0.632358 0.058624 0.087028
0 0.464087 0.524982 0.00642 0.017987
2 0.452519 0.522711 0.007025 0.017442
0 0.639898 0.442678 0.011628 0.031432
1 0.617854 0.441406 0.011628 0.031432
1 0.557837 0.39653 0.012718 0.011083
1 0.595749 0.458485 0.012718 0.011083
1 0.291667 0.647438 0.007025 0.018714
3 0.302023 0.645621 0.005935 0.016897
0 0.33297 0.68641 0.006541 0.018169
2 0.316618 0.680051 0.01187 0.010538
