1 0.334242 0.415516 0.006904 0.016715
1 0.320676 0.415698 0.006904 0.016715
1 0.404675 0.721021 0.011628 0.009993
1 0.324855 0.442678 0.011628 0.009629
4 0.349867 0.412609 0.019985 0.017078
0 0.365916 0.444313 0.011386 0.009993
0 0.337088 0.38036 0.011386 0.009993
2 0.509387 0.48165 0.007389 0.017805
1 0.593084 0.424964 0.006662 0.016715
0 0.533249 0.394168 0.00642 0.017987
0 0.460453 0.483739 0.00642 0.017987
0 0.509024 0.452489 0.00642 0.017987
0 0.55929 0.484102 0.00642 0.017987
4 0.565104 0.4256 0.033551 0.038336
5 0.333757 0.654706 0.010296 0.032158
1 0.549297 0.373456 0.011628 0.009993
4 0.441497 0.644713 0.158915 0.142987
0 0.42569 0.52807 0.056323 0.089935
0 0.558745 0.592387 0.058624 0.087028
