0 0.232376 0.214117 0.021439 0.045603
3 0.317527 0.220113 0.028222 0.048147
3 0.313408 0.395985 0.02483 0.042333
1 0.180172 0.440407 0.00642 0.016352
0 0.243641 0.709393 0.029918 0.031795
1 0.434472 0.221475 0.007267 0.016715
1 0.421875 0.221475 0.007267 0.016715
1 0.408127 0.311773 0.011749 0.011265
1 0.408551 0.291515 0.010901 0.009993
0 0.408491 0.33185 0.011749 0.009629
1 0.40843 0.357649 0.011143 0.009266
4 0.493702 0.413517 0.095203 0.142805
4 0.525375 0.20149 0.125606 0.103924
1 0.619489 0.278616 0.011749 0.009629
1 0.794755 0.355196 0.00642 0.016715
1 0.619065 0.310774 0.011386 0.009993
1 0.618823 0.335665 0.011386 0.009993
1 0.725291 0.720113 0.011386 0.009993
1 0.696705 0.187409 0.011386 0.009993
1 0.588966 0.381722 0.00642 0.017078
1 0.588723 0.310501 0.006662 0.017078
0 0.588905 0.458121 0.007025 0.017624
0 0.588723 0.521621 0.006662 0.016352
1 0.588602 0.420058 0.00642 0.016715
4 0.682837 0.463935 0.09266 0.13899
1 0.644743 0.30496 0.011386 0.009993
1 0.682413 0.616915 0.011386 0.009993
1 0.62718 0.650345 0.011386 0.009993
1 0.695252 0.720294 0.011386 0.009993
1 0.708818 0.617097 0.011143 0.009993
1 0.691497 0.681232 0.011143 0.009993
1 0.734012 0.644259 0.011386 0.010538
0 0.725291 0.680687 0.011143 0.009629
1 0.588844 0.579942 0.00642 0.016715
1 0.772226 0.573038 0.00642 0.016715
1 0.773195 0.528343 0.00642 0.016715
1 0.773195 0.355015 0.00642 0.016715
0 0.772832 0.46439 0.00642 0.016715
0 0.794755 0.457485 0.006662 0.017078
4 0.798389 0.498637 0.011749 0.031068
4 0.797057 0.30387 0.020712 0.017987
1 0.66921 0.335847 0.011386 0.009993
1 0.696463 0.208485 0.011386 0.009993
1 0.661579 0.246911 0.012597 0.011265
1 0.696584 0.24682 0.011386 0.009993
1 0.696342 0.226472 0.011386 0.009993
0 0.721657 0.309866 0.011143 0.009993
0 0.733891 0.616915 0.012112 0.011083
