0 0.234193 0.272257 0.036701 0.032522
4 0.305535 0.247638 0.023861 0.047602
4 0.371185 0.232831 0.025799 0.089208
1 0.528706 0.349564 0.010659 0.009084
1 0.41485 0.207667 0.010659 0.009084
1 0.572856 0.525527 0.006177 0.01617
3 0.457546 0.218659 0.011022 0.028161
3 0.457546 0.173419 0.011022 0.028161
0 0.491945 0.168968 0.011022 0.010174
1 0.491824 0.224382 0.013929 0.013808
1 0.491824 0.199855 0.013929 0.014535
0 0.491279 0.249727 0.01187 0.009629
1 0.414123 0.247456 0.010659 0.009084
1 0.414365 0.226744 0.010659 0.009084
1 0.520228 0.193496 0.014293 0.014172
1 0.520712 0.168968 0.014293 0.014172
3 0.519985 0.225018 0.011628 0.030342
3 0.578428 0.177871 0.008842 0.02907
3 0.549479 0.225654 0.008842 0.02907
3 0.549479 0.174419 0.008842 0.02907
1 0.579094 0.214208 0.014293 0.014535
1 0.579397 0.238554 0.013687 0.014535
1 0.502907 0.305596 0.010659 0.009084
1 0.551781 0.350109 0.01078 0.010174
0 0.502786 0.34911 0.011628 0.009629
1 0.573098 0.487191 0.00642 0.01617
1 0.477653 0.331577 0.011022 0.010174
1 0.477895 0.349382 0.011022 0.010174
0 0.464753 0.430233 0.006783 0.017805
1 0.464995 0.391079 0.007267 0.01617
0 0.522832 0.512355 0.011022 0.010174
1 0.464571 0.467751 0.00642 0.01617
1 0.573462 0.412518 0.00642 0.01617
1 0.503089 0.281704 0.01078 0.009629
1 0.590419 0.450491 0.006177 0.01617
0 0.573341 0.450309 0.005935 0.016897
4 0.519198 0.430142 0.044695 0.067769
0 0.522347 0.612555 0.011022 0.009629
0 0.463239 0.692315 0.00642 0.016533
1 0.42884 0.697584 0.011265 0.009629
1 0.54742 0.612464 0.011022 0.010174
1 0.350351 0.702489 0.01078 0.009629
1 0.350594 0.734102 0.011265 0.009629
1 0.374576 0.734466 0.011265 0.009629
1 0.571039 0.737555 0.006177 0.016533
3 0.404312 0.693405 0.019622 0.016897
3 0.375242 0.69177 0.019622 0.016897
0 0.52477 0.773165 0.011022 0.009629
1 0.403525 0.734829 0.011265 0.009629
1 0.55069 0.773165 0.011265 0.009629
0 0.233103 0.684775 0.037912 0.033067
4 0.326005 0.479197 0.183987 0.276344
4 0.696766 0.338118 0.044695 0.12827
4 0.610162 0.329215 0.044695 0.12827
1 0.780099 0.21557 0.013929 0.013263
1 0.7715 0.739008 0.013929 0.013263
1 0.831456 0.483012 0.011022 0.009629
1 0.782764 0.483012 0.011022 0.009629
