4 0.58375 0.534167 0.39875 0.531667
1 0.734688 0.062917 0.030625 0.065833
1 0.916562 0.065 0.029375 0.066667
1 0.860313 0.063333 0.029375 0.066667
0 0.805625 0.062917 0.02625 0.064167
4 0.248438 0.499583 0.205625 0.275833
1 0.01625 0.32125 0.02875 0.0675
1 0.020625 0.744583 0.02875 0.0675
1 0.016875 0.454583 0.02875 0.0675
1 0.515 0.18375 0.05 0.044167
1 0.19125 0.18875 0.05 0.044167
1 0.4075 0.184583 0.05 0.044167
1 0.298125 0.087917 0.05 0.044167
1 0.770625 0.322917 0.02875 0.069167
0 0.773125 0.465 0.0275 0.063333
0 0.483438 0.470833 0.030625 0.066667
0 0.299063 0.187083 0.051875 0.040833
0 0.251563 0.811667 0.050625 0.036667
1 0.360312 0.810833 0.053125 0.045
1 0.142187 0.813333 0.053125 0.045
