1 0.800937 0.659167 0.048125 0.036667
1 0.059687 0.665 0.048125 0.036667
1 0.500938 0.660833 0.048125 0.036667
1 0.816562 0.964583 0.026875 0.064167
1 0.605313 0.659167 0.048125 0.036667
1 0.730938 0.824583 0.026875 0.064167
1 0.799687 0.824583 0.026875 0.064167
1 0.88875 0.82375 0.0275 0.064167
0 0.395 0.664167 0.045 0.038333
0 0.21875 0.664167 0.045 0.038333
1 0.285625 0.09375 0.04875 0.0425
1 0.0675 0.097917 0.04875 0.0425
0 0.929375 0.079583 0.05 0.040833
0 0.1775 0.095417 0.05 0.040833
3 0.936875 0.583333 0.05375 0.118333
3 0.94 0.416667 0.05375 0.118333
1 0.971562 0.724167 0.029375 0.066667
1 0.950625 0.276667 0.02875 0.066667
3 0.94 0.416667 0.05375 0.118333
