3 0.535 0.85875 0.09625 0.079167
3 0.408125 0.860417 0.09625 0.079167
1 0.510938 0.155833 0.046875 0.088333
1 0.581562 0.154167 0.046875 0.088333
3 0.549063 0.492917 0.091875 0.060833
3 0.407187 0.160417 0.091875 0.060833
3 0.399687 0.33375 0.091875 0.060833
1 0.549063 0.657917 0.046875 0.089167
1 0.386562 0.495417 0.046875 0.089167
1 0.456562 0.49375 0.046875 0.089167
1 0.477812 0.657917 0.046875 0.089167
0 0.387813 0.6625 0.030625 0.065
0 0.622188 0.656667 0.030625 0.065
1 0.902188 0.30125 0.029375 0.069167
1 0.712812 0.585417 0.029375 0.069167
1 0.781563 0.58375 0.029375 0.069167
1 0.902188 0.435417 0.029375 0.069167
1 0.906563 0.724167 0.033125 0.066667
1 0.856563 0.728333 0.033125 0.066667
0 0.905 0.582083 0.02875 0.0675
3 0.547188 0.32375 0.091875 0.060833
4 0.741875 0.3675 0.2 0.183333
