4 0.370937 0.312917 0.401875 0.524167
1 0.965313 0.384583 0.029375 0.064167
1 0.805937 0.102083 0.029375 0.064167
1 0.722812 0.235417 0.029375 0.064167
1 0.963437 0.192083 0.029375 0.064167
1 0.073438 0.809583 0.046875 0.0425
1 0.671562 0.80875 0.046875 0.0425
1 0.670312 0.92625 0.046875 0.0425
1 0.196563 0.81125 0.046875 0.0425
0 0.794375 0.522917 0.0275 0.065833
0 0.391562 0.927917 0.048125 0.039167
0 0.370937 0.809583 0.048125 0.039167
4 0.278438 0.950833 0.085625 0.075
4 0.81125 0.93375 0.05375 0.119167
0 0.92125 0.512083 0.105 0.2275
