1 0.383437 0.765833 0.026875 0.065
1 0.039688 0.621667 0.026875 0.065
0 0.969375 0.382917 0.02625 0.060833
0 0.1225 0.74375 0.02625 0.060833
0 0.196875 0.744583 0.02625 0.060833
0 0.339375 0.767083 0.02625 0.060833
0 0.4875 0.742083 0.02625 0.060833
0 0.86 0.584583 0.02625 0.060833
0 0.90625 0.650417 0.02625 0.060833
0 0.860625 0.707083 0.02625 0.060833
0 0.92 0.382917 0.02625 0.060833
0 0.86875 0.322083 0.02625 0.060833
0 0.919375 0.20625 0.02625 0.060833
0 0.96875 0.20625 0.02625 0.060833
0 0.551875 0.90625 0.045 0.0375
0 0.14625 0.91125 0.045 0.0375
0 0.706875 0.692917 0.045 0.0375
0 0.6975 0.90375 0.045 0.0375
1 0.432812 0.907917 0.046875 0.035833
