4 0.37625 0.397083 0.39125 0.519167
0 0.490938 0.920833 0.029375 0.025
0 0.085938 0.1075 0.029375 0.025
0 0.085312 0.171667 0.029375 0.025
0 0.074063 0.295 0.029375 0.025
0 0.085938 0.423333 0.029375 0.025
0 0.102813 0.7475 0.029375 0.025
0 0.162188 0.748333 0.029375 0.025
0 0.130938 0.788333 0.029375 0.025
0 0.291563 0.756667 0.029375 0.025
0 0.820312 0.408333 0.029375 0.025
0 0.490938 0.878333 0.029375 0.025
0 0.262188 0.886667 0.029375 0.025
0 0.261562 0.8 0.029375 0.025
0 0.261562 0.843333 0.029375 0.025
0 0.347187 0.884167 0.029375 0.025
0 0.347187 0.8 0.029375 0.025
0 0.347187 0.843333 0.029375 0.025
0 0.489687 0.8375 0.029375 0.025
0 0.667188 0.706667 0.029375 0.025
0 0.668438 0.769167 0.029375 0.025
0 0.740938 0.720833 0.029375 0.025
0 0.740938 0.755 0.029375 0.025
0 0.666562 0.554167 0.029375 0.025
0 0.668438 0.4775 0.029375 0.025
0 0.668438 0.440833 0.029375 0.025
0 0.670937 0.370833 0.029375 0.025
0 0.684688 0.305 0.029375 0.025
0 0.646563 0.1425 0.029375 0.025
0 0.649062 0.075 0.029375 0.025
0 0.822812 0.306667 0.060625 0.05
0 0.8225 0.237917 0.06125 0.0575
1 0.649687 0.917917 0.030625 0.025833
1 0.074688 0.33375 0.030625 0.025833
1 0.685937 0.337917 0.030625 0.025833
1 0.820312 0.447917 0.030625 0.025833
1 0.739062 0.67625 0.030625 0.025833
1 0.665937 0.667917 0.030625 0.025833
1 0.525937 0.764583 0.030625 0.025833
1 0.754687 0.820417 0.019375 0.0425
1 0.237187 0.95625 0.019375 0.0425
0 0.272813 0.956667 0.024375 0.061667
0 0.722812 0.823333 0.024375 0.061667
0 0.353438 0.951667 0.024375 0.061667
1 0.568438 0.82875 0.019375 0.0425
1 0.318437 0.952083 0.019375 0.0425
1 0.527813 0.797083 0.030625 0.025833
1 0.579688 0.91875 0.030625 0.025833
0 0.11 0.61375 0.0175 0.040833
0 0.73375 0.96125 0.0425 0.0775
0 0.60125 0.77875 0.0175 0.040833
1 0.674687 0.217917 0.030625 0.025833
1 0.145937 0.035417 0.030625 0.025833
1 0.600938 0.044583 0.018125 0.0425
