1 0.796562 0.525417 0.061875 0.050833
1 0.617812 0.025417 0.061875 0.050833
1 0.881563 0.209583 0.061875 0.050833
1 0.369688 0.65875 0.061875 0.050833
0 0.647188 0.29375 0.031875 0.084167
0 0.817187 0.4175 0.121875 0.115
0 0.831562 0.642917 0.033125 0.079167
0 0.511563 0.807083 0.034375 0.080833
0 0.196875 0.682917 0.0925 0.0725
0 0.605625 0.819167 0.10125 0.256667
2 0.3325 0.363333 0.2825 0.381667
1 0.885938 0.642917 0.038125 0.085833
1 0.160938 0.952083 0.038125 0.085833
1 0.801562 0.770417 0.061875 0.050833
