1 0.328852 0.362645 0.004845 0.010538
1 0.272892 0.302326 0.004845 0.010538
1 0.270349 0.323583 0.004845 0.010538
1 0.588421 0.327217 0.004845 0.010538
1 0.328367 0.319767 0.004845 0.010538
1 0.328609 0.340298 0.004845 0.010538
0 0.335211 0.362645 0.004239 0.010174
0 0.277192 0.345567 0.004239 0.010174
1 0.363554 0.316588 0.007631 0.006722
1 0.255632 0.368732 0.007631 0.006722
1 0.257934 0.618368 0.007631 0.006722
1 0.314256 0.317496 0.007631 0.006722
0 0.234678 0.463299 0.004239 0.010538
0 0.288457 0.371548 0.004239 0.010174
0 0.345385 0.344023 0.006177 0.01617
0 0.337512 0.316043 0.006177 0.01617
0 0.381722 0.352471 0.020712 0.017805
0 0.248365 0.384266 0.011022 0.009811
0 0.243762 0.450218 0.009569 0.020349
0 0.242309 0.413336 0.009569 0.020349
0 0.277435 0.371911 0.004239 0.010538
1 0.27047 0.348292 0.004845 0.010538
1 0.263687 0.458939 0.004845 0.010538
1 0.21984 0.520531 0.004845 0.010538
1 0.286761 0.502816 0.007631 0.006722
0 0.296814 0.523438 0.004239 0.010538
0 0.297057 0.447493 0.004239 0.010538
0 0.296814 0.471657 0.004239 0.010538
4 0.301114 0.341479 0.018653 0.028525
4 0.241219 0.516897 0.030887 0.037427
4 0.332849 0.481105 0.047238 0.114099
0 0.401223 0.391715 0.007873 0.007267
0 0.313772 0.41061 0.007873 0.007267
0 0.33727 0.41061 0.007873 0.007267
0 0.355075 0.410247 0.007873 0.007267
0 0.347687 0.584666 0.007873 0.007267
0 0.442769 0.617369 0.007873 0.007267
0 0.387657 0.504906 0.007873 0.007267
0 0.385356 0.473474 0.007873 0.007267
0 0.567527 0.332485 0.007873 0.007267
0 0.388142 0.427507 0.007873 0.007267
0 0.392321 0.550872 0.004845 0.010538
0 0.48922 0.406432 0.004845 0.010538
0 0.370276 0.517442 0.004845 0.010538
0 0.370155 0.548147 0.004845 0.010538
0 0.440044 0.366097 0.013566 0.014898
0 0.370276 0.432413 0.004845 0.010538
0 0.462209 0.402435 0.004845 0.010538
0 0.420664 0.403161 0.004845 0.010538
0 0.413639 0.403161 0.004845 0.010538
0 0.435078 0.403525 0.004845 0.010538
0 0.428052 0.403161 0.004845 0.010538
0 0.483164 0.405887 0.004845 0.010538
0 0.446705 0.396257 0.004845 0.010538
0 0.440407 0.396439 0.004845 0.010538
0 0.3879 0.443314 0.007873 0.007267
0 0.527313 0.310865 0.007873 0.007267
0 0.512415 0.538154 0.007873 0.007267
0 0.539789 0.360647 0.007873 0.007267
0 0.509266 0.422602 0.007873 0.007267
0 0.50866 0.438772 0.007873 0.007267
0 0.516776 0.478016 0.007873 0.007267
0 0.513505 0.494004 0.007873 0.007267
0 0.51296 0.510538 0.008479 0.007267
0 0.512657 0.519622 0.007873 0.007267
1 0.268108 0.368368 0.007631 0.006722
1 0.516776 0.485919 0.007631 0.006722
1 0.514474 0.456668 0.007631 0.006722
1 0.545482 0.512991 0.007631 0.006722
1 0.401102 0.41052 0.007631 0.006722
1 0.385356 0.482649 0.007631 0.006722
1 0.401344 0.400709 0.007631 0.006722
1 0.51617 0.25536 0.007631 0.006722
1 0.558927 0.493914 0.007631 0.006722
1 0.558927 0.50318 0.007631 0.006722
1 0.436652 0.632994 0.004845 0.010538
1 0.590964 0.483103 0.004845 0.010538
1 0.539002 0.288517 0.004845 0.010538
1 0.49891 0.413881 0.004845 0.010538
1 0.549055 0.354833 0.004845 0.010538
1 0.693859 0.337664 0.007631 0.006722
1 0.503452 0.254996 0.007631 0.006722
1 0.529797 0.355741 0.004845 0.010538
0 0.47523 0.274255 0.009084 0.021257
0 0.537185 0.260992 0.006541 0.01617
0 0.490734 0.274618 0.009084 0.021257
0 0.526405 0.325127 0.020107 0.016897
0 0.481529 0.373728 0.007873 0.007267
0 0.613675 0.318405 0.009327 0.01944
0 0.557594 0.358376 0.009327 0.01944
0 0.597929 0.321584 0.006177 0.015625
0 0.604833 0.321857 0.004239 0.011083
0 0.545845 0.462028 0.014172 0.014898
0 0.545906 0.479106 0.013566 0.012718
0 0.575279 0.469658 0.009084 0.019985
0 0.566073 0.466206 0.004239 0.010538
0 0.34914 0.551235 0.007873 0.007267
0 0.319707 0.550327 0.007873 0.007267
0 0.310623 0.575581 0.007873 0.007267
0 0.390686 0.582849 0.007873 0.007267
0 0.396863 0.593023 0.007873 0.007267
0 0.403646 0.582849 0.007873 0.007267
0 0.43102 0.585392 0.007873 0.007267
0 0.443253 0.596294 0.007873 0.007267
0 0.443011 0.606831 0.007873 0.007267
0 0.434472 0.654797 0.013324 0.014898
0 0.474019 0.605741 0.007873 0.007267
0 0.473777 0.616279 0.007873 0.007267
0 0.424358 0.617006 0.007873 0.007267
0 0.424843 0.59593 0.007873 0.007267
0 0.4246 0.606468 0.007873 0.007267
0 0.473534 0.626453 0.007873 0.007267
0 0.527556 0.587028 0.007873 0.007267
0 0.528161 0.578488 0.007873 0.007267
0 0.512052 0.575036 0.007873 0.007267
0 0.512052 0.590298 0.007873 0.007267
0 0.410974 0.65516 0.013324 0.014898
0 0.227471 0.628997 0.020349 0.017442
0 0.307292 0.625545 0.020349 0.017442
0 0.227471 0.608648 0.020349 0.017442
0 0.293665 0.670512 0.009569 0.01944
0 0.471112 0.670512 0.009569 0.01944
0 0.525739 0.636174 0.009569 0.01944
0 0.277192 0.651254 0.004482 0.011083
0 0.273195 0.688045 0.011022 0.030523
0 0.336543 0.705941 0.007389 0.006722
1 0.286761 0.511355 0.007631 0.006722
1 0.296633 0.494186 0.004845 0.010538
1 0.282825 0.657158 0.004845 0.010538
4 0.257934 0.640716 0.019501 0.028525
4 0.320434 0.679415 0.019501 0.028525
1 0.302326 0.670785 0.004845 0.010538
1 0.530523 0.602834 0.004845 0.010538
0 0.451248 0.696584 0.004482 0.010538
0 0.434896 0.701126 0.004482 0.010538
0 0.418423 0.700763 0.004482 0.010538
0 0.412246 0.701126 0.004482 0.010538
0 0.440831 0.700763 0.004482 0.010538
1 0.370276 0.492551 0.004845 0.010538
1 0.477108 0.642805 0.004845 0.010538
0 0.497759 0.591751 0.004482 0.010174
1 0.418847 0.633903 0.004845 0.010538
2 0.523438 0.603198 0.005935 0.015262
2 0.426902 0.634266 0.005935 0.015262
2 0.444222 0.632994 0.005935 0.015262
0 0.507873 0.626181 0.007025 0.006359
0 0.492854 0.625818 0.007025 0.006359
2 0.623789 0.63899 0.008236 0.018169
1 0.636749 0.712209 0.004845 0.010538
1 0.716751 0.516897 0.007389 0.007267
1 0.48165 0.588663 0.007389 0.007267
1 0.490431 0.604106 0.004845 0.010538
1 0.523498 0.677507 0.004845 0.010538
1 0.607074 0.729288 0.004845 0.010538
1 0.699855 0.62282 0.004845 0.010538
1 0.631056 0.712209 0.004845 0.010538
1 0.684351 0.59811 0.004845 0.010538
1 0.697069 0.669695 0.004845 0.010538
1 0.68968 0.669695 0.004845 0.010538
1 0.693435 0.623183 0.004845 0.010538
1 0.707849 0.613009 0.004845 0.010538
1 0.481892 0.596657 0.007389 0.007267
1 0.60665 0.686592 0.007389 0.007267
1 0.700884 0.527071 0.007389 0.007267
0 0.617066 0.705578 0.004482 0.011083
0 0.600957 0.730105 0.004482 0.011083
0 0.721475 0.577671 0.004482 0.011083
0 0.609193 0.705941 0.004482 0.011083
0 0.730741 0.578579 0.007025 0.006722
0 0.630875 0.585029 0.012718 0.013081
0 0.629966 0.671693 0.013808 0.013081
0 0.6293 0.607558 0.01296 0.013081
0 0.657461 0.601653 0.020107 0.016533
1 0.614583 0.546421 0.019864 0.01617
1 0.663275 0.559502 0.019864 0.01617
2 0.470264 0.642805 0.005935 0.015262
0 0.636325 0.639353 0.011022 0.029797
4 0.663154 0.650254 0.030281 0.03561
4 0.701732 0.566679 0.019259 0.027253
0 0.697008 0.608194 0.007389 0.006722
0 0.634024 0.564771 0.007631 0.006722
0 0.634024 0.556777 0.007631 0.006722
0 0.714935 0.46766 0.009569 0.029797
0 0.648801 0.508903 0.009569 0.029797
0 0.662367 0.508903 0.009569 0.029797
0 0.625908 0.506722 0.009569 0.029797
0 0.691558 0.470203 0.009569 0.029797
0 0.681868 0.42351 0.009569 0.029797
0 0.716751 0.527435 0.007389 0.007267
0 0.614765 0.493459 0.006177 0.015625
0 0.584363 0.483467 0.004482 0.010174
0 0.714087 0.387445 0.020712 0.016533
0 0.714329 0.426871 0.020712 0.016533
0 0.714329 0.407431 0.020712 0.016533
0 0.694707 0.371275 0.011265 0.009266
0 0.693738 0.359466 0.007631 0.006722
0 0.677144 0.385084 0.004482 0.011083
0 0.690589 0.390171 0.005935 0.01617
0 0.599685 0.494459 0.008721 0.01944
0 0.679869 0.475382 0.008721 0.01944
1 0.584605 0.50427 0.004482 0.011446
1 0.638626 0.512445 0.004482 0.011446
1 0.607255 0.516806 0.004482 0.011446
1 0.590904 0.510265 0.004482 0.011446
1 0.674479 0.322402 0.004482 0.011446
1 0.683563 0.390352 0.004482 0.011446
0 0.623849 0.319041 0.005935 0.015625
0 0.615007 0.278797 0.020712 0.016897
0 0.630753 0.318859 0.004482 0.010538
0 0.63687 0.319313 0.004845 0.011083
0 0.665031 0.322039 0.006177 0.016533
0 0.656553 0.321675 0.006177 0.016533
0 0.68102 0.321584 0.004482 0.010174
0 0.673147 0.352108 0.004482 0.010174
1 0.649043 0.320767 0.004482 0.011446
1 0.539668 0.369095 0.007631 0.006722
1 0.680051 0.337664 0.007631 0.006722
1 0.573643 0.368823 0.004845 0.010538
4 0.623244 0.410429 0.059714 0.088299
4 0.500182 0.649528 0.029675 0.027253
2 0.562803 0.283158 0.027737 0.04415
2 0.662791 0.716206 0.028585 0.045422
2 0.53876 0.406432 0.028585 0.045422
2 0.473958 0.321584 0.028585 0.045422
4 0.516533 0.286519 0.019016 0.034884
