0 0.279687 0.357917 0.091875 0.065833
0 0.019062 0.690833 0.038125 0.078333
0 0.516563 0.53125 0.028125 0.065833
0 0.204687 0.537083 0.028125 0.065833
0 0.385 0.522083 0.0175 0.039167
0 0.3575 0.522917 0.0175 0.039167
0 0.324688 0.52375 0.028125 0.065833
0 0.477812 0.532917 0.028125 0.065833
0 0.274687 0.524167 0.038125 0.078333
0 0.5925 0.532083 0.0175 0.040833
0 0.556875 0.6575 0.0175 0.04
0 0.652188 0.685 0.029375 0.025
0 0.651563 0.640833 0.029375 0.025
0 0.657188 0.73625 0.045625 0.0375
0 0.639687 0.815 0.026875 0.063333
0 0.57625 0.79375 0.0175 0.040833
0 0.748437 0.962083 0.093125 0.0675
0 0.748437 0.804583 0.093125 0.0675
0 0.747188 0.884583 0.093125 0.0675
1 0.560937 0.533333 0.019375 0.041667
1 0.652813 0.59625 0.030625 0.025833
0 0.236563 0.53625 0.016875 0.039167
1 0.094687 0.730833 0.019375 0.041667
1 0.161562 0.56 0.019375 0.041667
1 0.442812 0.526667 0.019375 0.041667
1 0.065 0.58125 0.02875 0.0225
1 0.588437 0.59625 0.030625 0.025833
1 0.605938 0.8125 0.019375 0.041667
