0 0.299063 0.1775 0.060625 0.055
0 0.188438 0.18 0.060625 0.055
0 0.463438 0.124583 0.024375 0.060833
0 0.262813 0.092917 0.024375 0.060833
0 0.343438 0.08625 0.024375 0.060833
0 0.47 0.238333 0.0425 0.083333
0 0.336875 0.02125 0.02875 0.0225
0 0.251875 0.02375 0.02875 0.024167
0 0.480312 0.014583 0.028125 0.024167
0 0.48 0.055833 0.02875 0.023333
0 0.72375 0.09375 0.04125 0.084167
0 0.378437 0.351667 0.018125 0.04
0 0.197187 0.370833 0.018125 0.038333
0 0.225938 0.369167 0.018125 0.038333
0 0.302812 0.369167 0.018125 0.038333
0 0.329688 0.369167 0.018125 0.038333
1 0.22625 0.093333 0.01875 0.041667
1 0.715 0.265833 0.01875 0.041667
1 0.498125 0.124167 0.01875 0.041667
1 0.30875 0.088333 0.01875 0.041667
1 0.639375 0.054167 0.02875 0.021667
1 0.56875 0.054167 0.02875 0.021667
