0 0.364063 0.121667 0.065625 0.128333
0 0.282813 0.12 0.065625 0.128333
0 0.821562 0.435 0.028125 0.063333
0 0.097187 0.4725 0.028125 0.063333
0 0.174687 0.4775 0.028125 0.063333
0 0.361563 0.398333 0.028125 0.063333
0 0.437812 0.4275 0.028125 0.063333
0 0.517188 0.433333 0.028125 0.063333
0 0.479687 0.124167 0.028125 0.063333
0 0.972812 0.796667 0.028125 0.063333
0 0.559063 0.433333 0.028125 0.063333
0 0.647188 0.4375 0.028125 0.063333
0 0.837812 0.2825 0.028125 0.063333
0 0.877812 0.2825 0.028125 0.063333
0 0.893437 0.4325 0.028125 0.063333
0 0.904375 0.568333 0.045 0.038333
0 0.02375 0.6675 0.045 0.038333
0 0.02375 0.720833 0.045 0.038333
1 0.777813 0.435 0.028125 0.063333
1 0.525312 0.1225 0.028125 0.063333
1 0.399062 0.3975 0.028125 0.063333
1 0.260313 0.42 0.028125 0.063333
1 0.786563 0.285833 0.028125 0.063333
1 0.953125 0.257083 0.0475 0.0375
1 0.061875 0.570417 0.0475 0.0375
1 0.961875 0.637917 0.0475 0.0375
0 0.956562 0.324167 0.068125 0.053333
1 0.926562 0.717917 0.028125 0.0625
1 0.888437 0.72125 0.028125 0.0625
