4 0.369063 0.3825 0.538125 0.438333
1 0.422187 0.030417 0.046875 0.035833
0 0.135 0.03125 0.04375 0.035833
0 0.540625 0.02625 0.04375 0.035833
0 0.686875 0.024583 0.04375 0.035833
0 0.574375 0.725417 0.04375 0.035833
0 0.32875 0.72875 0.04375 0.035833
0 0.21375 0.729583 0.04375 0.035833
0 0.035312 0.5725 0.024375 0.06
0 0.031563 0.178333 0.024375 0.06
0 0.822812 0.5875 0.024375 0.06
0 0.033438 0.346667 0.024375 0.06
1 0.519062 0.820833 0.026875 0.065
1 0.479063 0.821667 0.026875 0.065
0 0.439063 0.821667 0.024375 0.06
0 0.862187 0.235833 0.024375 0.06
0 0.700937 0.501667 0.024375 0.06
0 0.700313 0.226667 0.024375 0.06
1 0.436563 0.727083 0.046875 0.035833
