0 0.2175 0.378333 0.07125 0.05
0 0.21375 0.215 0.07125 0.05
0 0.025937 0.669583 0.028125 0.0625
0 0.038437 0.22625 0.028125 0.0625
0 0.040313 0.40125 0.028125 0.0625
0 0.087813 0.402083 0.028125 0.0625
0 0.087813 0.22875 0.028125 0.0625
0 0.134687 0.227083 0.028125 0.0625
0 0.138437 0.399583 0.028125 0.0625
0 0.31875 0.527083 0.06375 0.130833
0 0.318125 0.29875 0.06375 0.130833
0 0.5375 0.295833 0.045 0.035
0 0.515625 0.141667 0.045 0.035
0 0.538125 0.511667 0.045 0.035
0 0.538125 0.511667 0.045 0.035
0 0.538125 0.451667 0.045 0.035
0 0.536875 0.239167 0.045 0.035
1 0.22 0.45375 0.04875 0.040833
1 0.214375 0.28625 0.04875 0.040833
