0 0.449062 0.222917 0.076875 0.195833
0 0.264062 0.234583 0.076875 0.195833
0 0.357187 0.22875 0.076875 0.195833
0 0.850938 0.835833 0.141875 0.101667
0 0.646563 0.214167 0.141875 0.101667
0 0.661563 0.436667 0.141875 0.101667
0 0.440937 0.535 0.141875 0.101667
0 0.850938 0.710833 0.141875 0.101667
0 0.19 0.420417 0.03875 0.0975
0 0.281562 0.455417 0.069375 0.0525
0 0.083125 0.430417 0.0275 0.0625
0 0.133125 0.42875 0.0275 0.0625
0 0.102188 0.624167 0.045625 0.036667
0 0.258437 0.581667 0.045625 0.036667
0 0.927813 0.189167 0.025625 0.06
0 0.685625 0.54875 0.08875 0.080833
1 0.28125 0.520833 0.0475 0.04
1 0.86875 0.931667 0.0475 0.04
1 0.033125 0.560833 0.03 0.068333
1 0.876875 0.191667 0.03 0.068333
1 0.92875 0.335 0.03 0.068333
1 0.030625 0.43 0.03 0.068333
