0 0.91625 0.553333 0.025 0.063333
0 0.465938 0.334583 0.071875 0.0525
0 0.609375 0.905 0.045 0.035
0 0.9125 0.159167 0.025 0.063333
0 0.914375 0.3275 0.025 0.063333
0 0.597187 0.25375 0.071875 0.0525
0 0.6875 0.353333 0.045 0.035
0 0.733125 0.796667 0.045 0.035
0 0.73625 0.899167 0.045 0.035
4 0.59 0.675417 0.13875 0.1725
1 0.472813 0.55375 0.026875 0.065833
1 0.465938 0.090417 0.026875 0.065833
1 0.623125 0.969167 0.0475 0.038333
1 0.40375 0.949167 0.0475 0.038333
1 0.686875 0.413333 0.04875 0.038333
1 0.50625 0.973333 0.04875 0.038333
1 0.483125 0.42 0.04875 0.038333
1 0.58375 0.415833 0.04875 0.038333
4 0.738125 0.617083 0.08875 0.0725
