0 0.374688 0.334167 0.161875 0.131667
2 0.2375 0.667917 0.29 0.339167
0 0.618437 0.319583 0.060625 0.0475
0 0.637188 0.200833 0.119375 0.108333
0 0.725313 0.08375 0.059375 0.049167
0 0.591875 0.57875 0.08625 0.170833
0 0.700625 0.57875 0.08125 0.174167
0 0.695312 0.95125 0.034375 0.080833
1 0.862187 0.077083 0.064375 0.0525
1 0.748437 0.95125 0.038125 0.0875
1 0.795937 0.410417 0.038125 0.0875
1 0.856563 0.407083 0.038125 0.0875
1 0.918438 0.579583 0.038125 0.0875
0 0.857187 0.582917 0.034375 0.080833
