0 0.314063 0.117917 0.036875 0.074167
0 0.34375 0.250833 0.0575 0.05
0 0.371875 0.115 0.05 0.121667
1 0.669063 0.0475 0.018125 0.041667
1 0.284687 0.395833 0.018125 0.041667
1 0.249062 0.395 0.018125 0.041667
1 0.239063 0.493333 0.018125 0.041667
1 0.210938 0.495 0.018125 0.041667
1 0.351562 0.421667 0.018125 0.041667
1 0.377188 0.420833 0.018125 0.041667
1 0.639062 0.048333 0.018125 0.041667
0 0.377812 0.524167 0.018125 0.038333
2 0.501875 0.434167 0.125 0.186667
4 0.500313 0.157917 0.140625 0.1475
1 0.657188 0.239167 0.018125 0.041667
1 0.624062 0.24 0.018125 0.041667
1 0.23625 0.316667 0.03125 0.025
