1 0.938125 0.550417 0.0475 0.0375
1 0.339375 0.180417 0.0475 0.0375
1 0.185312 0.521667 0.026875 0.063333
1 0.722187 0.1675 0.026875 0.063333
1 0.184688 0.4 0.026875 0.063333
1 0.656875 0.080417 0.0475 0.0375
0 0.211875 0.199583 0.07125 0.0525
0 0.68125 0.1675 0.025 0.06
0 0.444375 0.29 0.025 0.06
1 0.659375 0.262083 0.0475 0.0375
0 0.515312 0.295 0.079375 0.195
0 0.747812 0.71875 0.028125 0.0625
0 0.976562 0.452917 0.028125 0.0625
0 0.888125 0.900417 0.045 0.0375
0 0.9025 0.647917 0.045 0.0375
0 0.9025 0.70125 0.045 0.0375
0 0.277813 0.786667 0.095625 0.088333
0 0.277187 0.640833 0.095625 0.088333
4 0.32875 0.389583 0.1575 0.1825
2 0.898438 0.16625 0.203125 0.2475
2 0.4975 0.79625 0.21375 0.2475
