0 0.328437 0.435417 0.045625 0.1275
0 0.587812 0.085417 0.045625 0.1275
0 0.634687 0.280417 0.045625 0.1275
0 0.744062 0.267083 0.045625 0.1275
0 0.498437 0.440417 0.045625 0.1275
0 0.435312 0.442917 0.045625 0.1275
0 0.092188 0.285833 0.039375 0.076667
0 0.207187 0.387083 0.036875 0.0775
0 0.276562 0.379167 0.024375 0.063333
0 0.580625 0.299583 0.0375 0.075833
0 0.740313 0.095417 0.094375 0.060833
0 0.0475 0.1175 0.04875 0.106667
0 0.051875 0.27375 0.01625 0.0375
1 0.02 0.427083 0.03125 0.024167
1 0.02 0.38875 0.03125 0.024167
0 0.136875 0.342917 0.01625 0.0375
1 0.39 0.457083 0.02 0.0425
1 0.1675 0.342083 0.02 0.0425
1 0.14 0.429583 0.02 0.0425
1 0.16875 0.452083 0.02 0.0425
1 0.244375 0.479583 0.02 0.0425
1 0.682187 0.514583 0.031875 0.0275
1 0.753437 0.470417 0.031875 0.0275
0 0.355938 0.761667 0.056875 0.05
0 0.369063 0.644167 0.029375 0.023333
0 0.370312 0.675833 0.029375 0.023333
0 0.369688 0.710833 0.029375 0.023333
0 0.478438 0.827083 0.090625 0.0675
0 0.348125 0.855417 0.0575 0.050833
1 0.649687 0.91375 0.020625 0.0425
1 0.605938 0.810417 0.020625 0.0425
1 0.716562 0.872917 0.020625 0.0425
1 0.680312 0.912917 0.020625 0.0425
0 0.779062 0.72375 0.016875 0.040833
0 0.821562 0.727083 0.028125 0.024167
0 0.664375 0.85 0.03 0.025
0 0.754375 0.514167 0.03 0.023333
5 0.806875 0.612083 0.06 0.049167
4 0.689063 0.677917 0.088125 0.1175
1 0.277813 0.6 0.089375 0.061667
1 0.506563 0.651667 0.089375 0.061667
