1 0.141875 0.295417 0.0725 0.180833
0 0.266562 0.105417 0.025625 0.060833
0 0.189688 0.10875 0.025625 0.060833
0 0.227187 0.107917 0.025625 0.060833
0 0.733437 0.126667 0.060625 0.123333
0 0.324688 0.1325 0.060625 0.123333
0 0.429063 0.144167 0.060625 0.123333
0 0.577812 0.075833 0.145625 0.105
0 0.579688 0.191667 0.083125 0.073333
1 0.899375 0.249583 0.0475 0.034167
1 0.900625 0.324167 0.0475 0.036667
1 0.809375 0.350833 0.03 0.065
1 0.929063 0.114167 0.046875 0.04
1 0.928438 0.059167 0.046875 0.04
