4 0.154375 0.100417 0.0575 0.125833
0 0.045312 0.207917 0.026875 0.060833
0 0.284687 0.154583 0.046875 0.035833
0 0.289375 0.068333 0.025 0.063333
4 0.234375 0.338333 0.135 0.178333
1 0.047188 0.356667 0.028125 0.068333
1 0.7275 0.442083 0.04875 0.039167
1 0.458125 0.279583 0.04875 0.039167
1 0.3875 0.504583 0.04875 0.039167
1 0.505625 0.414583 0.04875 0.039167
1 0.504375 0.35375 0.04875 0.039167
1 0.725625 0.375417 0.04875 0.039167
0 0.43125 0.385833 0.025 0.06
0 0.403438 0.76375 0.080625 0.190833
1 0.206875 0.710833 0.0725 0.18
4 0.636563 0.69625 0.169375 0.2925
1 0.939375 0.940833 0.04875 0.04
