0 0.568438 0.329583 0.041875 0.084167
0 0.497188 0.329583 0.041875 0.084167
0 0.784375 0.27125 0.025 0.0625
0 0.737187 0.534583 0.094375 0.069167
0 0.739688 0.475417 0.029375 0.024167
0 0.335313 0.712083 0.061875 0.0575
0 0.062187 0.657917 0.093125 0.070833
2 0.491875 0.52125 0.125 0.185833
4 0.690937 0.374583 0.090625 0.1375
0 0.659062 0.936667 0.029375 0.023333
0 0.799063 0.680833 0.028125 0.025
1 0.612187 0.905417 0.019375 0.0425
1 0.794063 0.38375 0.019375 0.0425
1 0.156875 0.894583 0.03125 0.025833
1 0.68625 0.24875 0.03125 0.025833
1 0.62625 0.24875 0.03125 0.025833
1 0.799375 0.71625 0.03125 0.025833
1 0.156875 0.855417 0.03125 0.025833
0 0.529062 0.738333 0.029375 0.023333
0 0.156562 0.8175 0.029375 0.023333
0 0.097187 0.9675 0.029375 0.023333
1 0.753437 0.662083 0.019375 0.0425
1 0.842187 0.65875 0.019375 0.0425
0 0.214062 0.864167 0.018125 0.041667
0 0.248438 0.8625 0.018125 0.041667
0 0.280313 0.863333 0.018125 0.041667
0 0.312812 0.8625 0.018125 0.041667
0 0.337813 0.835833 0.018125 0.041667
0 0.366563 0.835 0.018125 0.041667
0 0.440312 0.858333 0.018125 0.041667
0 0.538438 0.873333 0.018125 0.041667
0 0.564063 0.8725 0.018125 0.041667
