0 0.27125 0.04 0.04 0.08
0 0.278438 0.19125 0.041875 0.084167
0 0.237813 0.245833 0.018125 0.041667
0 0.527188 0.488333 0.018125 0.04
0 0.525312 0.175833 0.018125 0.04
0 0.525937 0.275 0.018125 0.04
0 0.33 0.1775 0.02375 0.063333
1 0.16875 0.48375 0.01875 0.044167
1 0.370625 0.22625 0.01875 0.044167
1 0.526875 0.367917 0.01875 0.044167
1 0.480312 0.440417 0.031875 0.025833
1 0.480312 0.40625 0.031875 0.025833
4 0.2725 0.465417 0.14125 0.1475
0 0.772188 0.6 0.029375 0.023333
0 0.794687 0.019167 0.029375 0.023333
0 0.637188 0.6 0.029375 0.023333
0 0.594688 0.705833 0.029375 0.023333
0 0.767813 0.74 0.029375 0.023333
0 0.479687 0.370833 0.029375 0.023333
0 0.602812 0.020833 0.029375 0.023333
0 0.712812 0.02 0.029375 0.023333
5 0.34375 0.024167 0.06 0.046667
4 0.694375 0.31125 0.215 0.4675
1 0.350625 0.885417 0.03125 0.025833
0 0.582187 0.9125 0.093125 0.066667
0 0.210625 0.847917 0.09625 0.064167
0 0.210625 0.929583 0.09625 0.064167
