0 0.831875 0.442917 0.03375 0.085833
0 0.528125 0.18625 0.03375 0.085833
0 0.58 0.187917 0.03375 0.085833
0 0.601875 0.389583 0.03375 0.085833
0 0.505 0.389583 0.03375 0.085833
0 0.27 0.392917 0.03375 0.085833
0 0.15 0.384583 0.03375 0.085833
0 0.095625 0.384583 0.03375 0.085833
0 0.70375 0.882083 0.03375 0.085833
0 0.768125 0.880417 0.03375 0.085833
0 0.834375 0.880417 0.03375 0.085833
0 0.831875 0.635417 0.03375 0.085833
1 0.941562 0.833333 0.061875 0.048333
1 0.684688 0.155 0.061875 0.048333
1 0.692187 0.666667 0.061875 0.048333
1 0.644375 0.775417 0.03875 0.089167
1 0.45875 0.192917 0.03875 0.089167
1 0.446875 0.392917 0.03875 0.089167
1 0.593125 0.77875 0.03875 0.089167
0 0.615313 0.574167 0.058125 0.046667
0 0.687187 0.244583 0.090625 0.065833
0 0.899062 0.21625 0.129375 0.119167
0 0.941562 0.927917 0.093125 0.065833
