1 0.681562 0.684583 0.019375 0.044167
1 0.419063 0.43875 0.019375 0.044167
1 0.407187 0.52625 0.019375 0.044167
1 0.408438 0.62875 0.019375 0.044167
1 0.678438 0.50625 0.019375 0.044167
1 0.679688 0.592083 0.019375 0.044167
1 0.339687 0.714167 0.031875 0.026667
1 0.840938 0.4925 0.031875 0.026667
0 0.440937 0.617083 0.016875 0.039167
0 0.444063 0.727083 0.016875 0.039167
0 0.49375 0.725 0.0175 0.04
1 0.398438 0.7125 0.031875 0.026667
0 0.760625 0.6075 0.02625 0.061667
0 0.72125 0.491667 0.02625 0.061667
1 0.612187 0.4975 0.031875 0.026667
4 0.554688 0.600417 0.084375 0.115833
5 0.582812 0.729583 0.035625 0.080833
0 0.306563 0.779167 0.046875 0.036667
5 0.3525 0.885 0.05875 0.051667
0 0.281875 0.903333 0.04 0.083333
0 0.805625 0.88 0.03 0.025
0 0.6125 0.883333 0.03 0.025
0 0.723125 0.880833 0.03 0.025
0 0.929063 0.639583 0.094375 0.065833
0 0.957812 0.948333 0.028125 0.023333
0 0.876563 0.969167 0.016875 0.04
0 0.711562 0.68375 0.016875 0.040833
