0 0.834063 0.1725 0.145625 0.101667
0 0.665312 0.660417 0.088125 0.085833
0 0.779062 0.424167 0.088125 0.081667
0 0.770625 0.280417 0.07125 0.054167
0 0.729375 0.570417 0.04125 0.034167
0 0.651875 0.74625 0.04375 0.035833
0 0.632812 0.939167 0.065625 0.121667
0 0.71375 0.93875 0.065 0.1225
0 0.138437 0.844167 0.086875 0.081667
0 0.013437 0.751667 0.023125 0.058333
0 0.83 0.939167 0.025 0.06
1 0.8575 0.049583 0.04875 0.039167
1 0.12625 0.922917 0.04875 0.039167
1 0.7275 0.507917 0.04875 0.039167
1 0.83 0.56375 0.04875 0.039167
1 0.855625 0.504583 0.04875 0.039167
1 0.885 0.347083 0.04875 0.039167
1 0.875313 0.936667 0.029375 0.065
1 0.782813 0.810833 0.029375 0.065
1 0.828438 0.808333 0.029375 0.065
1 0.18625 0.687083 0.04875 0.039167
0 0.470313 0.758333 0.123125 0.096667
