1 0.47844 0.308685 0.013566 0.03452
1 0.712028 0.759175 0.011991 0.036519
1 0.583818 0.218568 0.023983 0.018532
1 0.616279 0.220567 0.023983 0.018532
1 0.47844 0.225654 0.013566 0.03452
4 0.53125 0.251272 0.047965 0.071948
4 0.565286 0.759448 0.027374 0.09048
0 0.751696 0.701399 0.010417 0.023074
0 0.761022 0.311137 0.010417 0.023074
0 0.47735 0.474473 0.010417 0.023074
0 0.618217 0.502634 0.010417 0.023074
0 0.703488 0.442678 0.010417 0.023074
0 0.587088 0.568405 0.010417 0.023074
0 0.529433 0.604197 0.010417 0.023074
0 0.561289 0.3869 0.010417 0.023074
0 0.707485 0.240825 0.010417 0.023074
0 0.651466 0.78125 0.014414 0.015262
0 0.632934 0.278343 0.014414 0.015262
0 0.750061 0.444404 0.014414 0.015262
0 0.69289 0.531613 0.014414 0.015262
0 0.748607 0.567769 0.014414 0.015262
0 0.532401 0.507994 0.014414 0.015262
0 0.408854 0.687318 0.014414 0.015262
0 0.542333 0.700945 0.014414 0.015262
0 0.575884 0.699491 0.014414 0.015262
1 0.684109 0.484012 0.010174 0.022166
1 0.61852 0.783975 0.015625 0.015262
1 0.660368 0.504542 0.023983 0.018532
1 0.704457 0.290516 0.010174 0.022166
1 0.703488 0.339208 0.010174 0.022166
1 0.648377 0.222565 0.023983 0.018532
1 0.67993 0.277889 0.015625 0.01617
1 0.725715 0.698946 0.015625 0.015262
4 0.523135 0.398438 0.027374 0.09048
4 0.493338 0.551054 0.027374 0.09048
4 0.736071 0.628452 0.027374 0.09048
4 0.740431 0.505087 0.027374 0.09048
4 0.490734 0.75972 0.027011 0.089935
1 0.729469 0.313136 0.011991 0.036519
4 0.4914 0.654797 0.027374 0.09048
4 0.567224 0.638626 0.027374 0.09048
4 0.653343 0.655432 0.068314 0.214935
4 0.632631 0.383085 0.09375 0.14444
1 0.190044 0.73056 0.023983 0.027616
