3 0.240552 0.275618 0.039002 0.051235
4 0.340782 0.290789 0.08515 0.088118
0 0.676357 0.763899 0.010417 0.021257
0 0.414123 0.219931 0.010417 0.021257
0 0.473353 0.33185 0.010417 0.021257
0 0.536216 0.447039 0.010417 0.021257
0 0.763384 0.672602 0.010053 0.022166
0 0.647892 0.429778 0.010417 0.021257
0 0.681807 0.430687 0.010417 0.021257
0 0.569525 0.607286 0.010417 0.021257
0 0.570252 0.66052 0.010417 0.021257
0 0.536337 0.63472 0.010417 0.021257
0 0.477108 0.681414 0.010417 0.021257
0 0.246063 0.768259 0.014414 0.014353
0 0.468689 0.266079 0.014414 0.014353
0 0.470506 0.298783 0.014414 0.014353
0 0.513384 0.463027 0.014414 0.014353
0 0.477774 0.743187 0.014414 0.014353
0 0.477895 0.768078 0.014414 0.014353
0 0.527435 0.790243 0.014414 0.014353
1 0.57219 0.728198 0.022771 0.017442
1 0.413517 0.266988 0.012355 0.035065
1 0.502422 0.635992 0.012355 0.035065
1 0.503997 0.694677 0.012355 0.033612
1 0.538033 0.694313 0.012355 0.035065
1 0.444525 0.393986 0.018169 0.031432
1 0.472687 0.380723 0.009569 0.021621
1 0.414365 0.394895 0.018169 0.031432
1 0.659399 0.76399 0.010174 0.022529
1 0.243944 0.736737 0.015019 0.015262
1 0.477592 0.717932 0.015019 0.014353
1 0.570312 0.775073 0.009811 0.022529
1 0.664244 0.427144 0.010174 0.022529
1 0.476986 0.791606 0.015019 0.015262
1 0.413941 0.333212 0.018774 0.032703
4 0.582909 0.309139 0.132146 0.13899
4 0.52047 0.540153 0.074855 0.112282
0 0.492248 0.430868 0.047965 0.047057
4 0.411337 0.738826 0.090843 0.135719
4 0.524285 0.748183 0.026284 0.051235
2 0.70906 0.282158 0.055475 0.03343
1 0.76405 0.412791 0.009448 0.022529
0 0.684048 0.354197 0.030644 0.071403
4 0.736979 0.34593 0.058261 0.040334
1 0.764353 0.282703 0.010053 0.022166
1 0.584666 0.775436 0.010174 0.022529
0 0.607437 0.432322 0.010417 0.021257
0 0.764293 0.588844 0.009448 0.021076
4 0.667575 0.598383 0.160005 0.23819
4 0.730075 0.427871 0.052689 0.052689
4 0.624637 0.768078 0.047723 0.051781
3 0.342175 0.684956 0.042393 0.047238
