0 0.558125 0.12 0.05375 0.05
0 0.9175 0.177083 0.035 0.0675
0 0.913125 0.425 0.0525 0.05
0 0.473125 0.814167 0.0375 0.07
1 0.56125 0.291667 0.09 0.061667
1 0.503125 0.4275 0.05625 0.05
1 0.635 0.430833 0.06 0.051667
1 0.470625 0.560833 0.03875 0.075
1 0.321875 0.73125 0.045 0.125833
1 0.317812 0.905417 0.043125 0.125833
4 0.75375 0.220417 0.24 0.139167
4 0.75875 0.77875 0.37375 0.439167
0 0.793438 0.344167 0.204375 0.176667
2 0.582812 0.202083 0.093125 0.3275
4 0.665937 0.777917 0.401875 0.444167
