4 0.228125 0.24625 0.24 0.145833
4 0.563438 0.260833 0.240625 0.143333
0 0.066875 0.196667 0.0375 0.07
0 0.059062 0.44625 0.050625 0.049167
0 0.300938 0.500417 0.035625 0.0675
0 0.760625 0.179167 0.05375 0.046667
0 0.39875 0.199583 0.0375 0.0675
1 0.754687 0.3175 0.039375 0.075
1 0.914687 0.39 0.093125 0.06
1 0.172813 0.548333 0.058125 0.045
1 0.228437 0.675 0.044375 0.123333
4 0.640312 0.71 0.579375 0.371667
0 0.124063 0.374583 0.054375 0.0525
1 0.113125 0.475 0.065 0.056667
0 0.119375 0.5675 0.06 0.051667
0 0.129688 0.8 0.054375 0.051667
4 0.605625 0.457083 0.7 0.909167
