0 0.490938 0.530417 0.051875 0.049167
0 0.751875 0.46125 0.0375 0.069167
0 0.747812 0.27625 0.035625 0.069167
0 0.140937 0.812917 0.054375 0.0475
4 0.345938 0.73125 0.240625 0.145833
4 0.629062 0.737917 0.241875 0.150833
4 0.584063 0.327917 0.241875 0.145833
4 0.895 0.332083 0.20625 0.144167
0 0.20875 0.455833 0.0375 0.076667
0 0.164687 0.32375 0.061875 0.0475
0 0.62375 0.12875 0.06 0.049167
0 0.778438 0.122083 0.055625 0.049167
0 0.702187 0.31875 0.055625 0.0525
1 0.873437 0.309583 0.093125 0.0625
1 0.9675 0.109167 0.05 0.128333
1 0.875625 0.505417 0.095 0.0625
1 0.707187 0.517083 0.096875 0.0625
0 0.837812 0.65875 0.054375 0.0475
1 0.943125 0.652917 0.03875 0.079167
0 0.109687 0.581667 0.126875 0.278333
4 0.427187 0.4075 0.320625 0.426667
