1 0.333454 0.433321 0.010659 0.010174
1 0.587512 0.632267 0.011991 0.010174
1 0.297844 0.544331 0.010659 0.010174
1 0.297359 0.559411 0.011628 0.010174
1 0.51187 0.562318 0.011386 0.010174
1 0.526163 0.535065 0.010659 0.010174
1 0.54203 0.552326 0.010659 0.010174
1 0.526526 0.508176 0.010659 0.010174
1 0.526405 0.481105 0.010659 0.010174
1 0.526042 0.46766 0.010659 0.010174
1 0.542878 0.468023 0.010659 0.010174
1 0.560804 0.461301 0.010659 0.010174
1 0.570858 0.488009 0.010659 0.010174
1 0.725775 0.568132 0.010659 0.010174
1 0.525921 0.416606 0.010659 0.010174
0 0.450581 0.398528 0.063711 0.060138
1 0.53991 0.69177 0.006177 0.016533
1 0.36852 0.459757 0.006177 0.016533
1 0.377846 0.460302 0.006177 0.016533
1 0.386204 0.460302 0.006177 0.016533
1 0.374939 0.609102 0.006177 0.016533
1 0.366097 0.609829 0.006177 0.016533
1 0.5582 0.635629 0.006177 0.016533
1 0.555051 0.512082 0.006177 0.016533
1 0.555051 0.490098 0.006177 0.016533
0 0.453186 0.625999 0.033309 0.026708
0 0.523861 0.632994 0.0172 0.047602
0 0.488857 0.633539 0.0172 0.047602
4 0.370276 0.536065 0.049176 0.071766
5 0.414729 0.522075 0.02689 0.017987
0 0.654675 0.408339 0.005814 0.015443
5 0.561592 0.708394 0.027495 0.018895
0 0.358891 0.46012 0.005814 0.015443
0 0.540577 0.394713 0.005814 0.015443
0 0.566376 0.39544 0.005814 0.015443
0 0.540455 0.447765 0.005814 0.015443
0 0.659884 0.312773 0.005814 0.015443
0 0.601744 0.310229 0.005814 0.015443
0 0.638748 0.352108 0.006177 0.015988
0 0.628149 0.368732 0.005814 0.015443
0 0.67242 0.407794 0.006177 0.015443
0 0.663457 0.407794 0.00642 0.015443
0 0.61095 0.395076 0.005814 0.015443
0 0.628331 0.395076 0.006177 0.015443
0 0.619731 0.394531 0.00642 0.015443
0 0.663881 0.539698 0.005814 0.015443
0 0.690225 0.540062 0.006177 0.015443
0 0.672662 0.540243 0.00642 0.015443
0 0.672481 0.566225 0.005814 0.015443
0 0.654736 0.53988 0.006177 0.015443
0 0.681747 0.566406 0.006177 0.015443
0 0.584423 0.460665 0.005814 0.015443
0 0.602168 0.46121 0.006177 0.015443
0 0.593568 0.46121 0.00642 0.015443
0 0.61095 0.46121 0.005814 0.015443
0 0.628331 0.460665 0.006177 0.015443
0 0.619368 0.46121 0.00642 0.015443
0 0.61095 0.421239 0.005814 0.015443
0 0.627968 0.421239 0.006177 0.015443
0 0.619731 0.421784 0.00642 0.015443
0 0.584423 0.421421 0.005814 0.015443
0 0.601805 0.421966 0.006177 0.015443
0 0.593205 0.421966 0.00642 0.015443
0 0.680717 0.43432 0.005814 0.015443
0 0.698462 0.433775 0.006177 0.015443
0 0.689499 0.43432 0.00642 0.015443
0 0.654554 0.434502 0.005814 0.015443
0 0.671936 0.434502 0.006177 0.015443
0 0.663699 0.434502 0.00642 0.015443
0 0.680899 0.540243 0.006177 0.015443
0 0.681202 0.460665 0.005814 0.015443
0 0.707909 0.461028 0.006177 0.015443
0 0.68962 0.460665 0.00642 0.015443
0 0.654675 0.460665 0.005814 0.015443
0 0.67242 0.460302 0.006177 0.015443
0 0.663457 0.460847 0.00642 0.015443
0 0.698219 0.460665 0.006177 0.015443
0 0.681323 0.513717 0.005814 0.015443
0 0.707304 0.514081 0.006177 0.015443
0 0.689741 0.514262 0.00642 0.015443
0 0.654433 0.513717 0.005814 0.015443
0 0.672178 0.513354 0.006177 0.015443
0 0.663578 0.513354 0.00642 0.015443
0 0.698341 0.513717 0.006177 0.015443
0 0.60235 0.514081 0.005814 0.015443
0 0.628694 0.513354 0.006177 0.015443
0 0.611131 0.514081 0.00642 0.015443
0 0.575824 0.514081 0.005814 0.015443
0 0.593205 0.514262 0.006177 0.015443
0 0.584242 0.514262 0.00642 0.015443
0 0.619731 0.514081 0.006177 0.015443
0 0.601623 0.539698 0.005814 0.015443
0 0.628331 0.540607 0.006177 0.015443
0 0.611131 0.540243 0.00642 0.015443
0 0.576187 0.540243 0.005814 0.015443
0 0.593568 0.54097 0.006177 0.015443
0 0.584969 0.54097 0.00642 0.015443
0 0.619731 0.540243 0.006177 0.015443
0 0.654312 0.566406 0.005814 0.015443
0 0.663457 0.566588 0.00642 0.015443
0 0.60235 0.567496 0.005814 0.015443
0 0.628331 0.56677 0.006177 0.015443
0 0.610768 0.566406 0.00642 0.015443
0 0.592842 0.566588 0.006177 0.015443
0 0.619731 0.566406 0.006177 0.015443
0 0.652192 0.487555 0.016836 0.01508
0 0.593811 0.487009 0.016836 0.01508
0 0.618399 0.487555 0.016836 0.01508
0 0.641655 0.507177 0.010296 0.009629
0 0.640807 0.458939 0.009327 0.024709
0 0.606771 0.441134 0.010296 0.008721
0 0.741824 0.434956 0.006177 0.017078
0 0.654857 0.381904 0.006177 0.017078
0 0.707304 0.395531 0.006177 0.017078
0 0.592902 0.309866 0.005814 0.015443
0 0.7586 0.582304 0.020107 0.019985
0 0.520167 0.584121 0.019743 0.018895
3 0.809048 0.626726 0.01296 0.039789
0 0.701429 0.486646 0.016473 0.01508
0 0.676478 0.487009 0.016473 0.01508
0 0.472687 0.476653 0.015867 0.013626
0 0.472323 0.452126 0.015867 0.013626
0 0.667091 0.286791 0.010296 0.009629
0 0.666848 0.273347 0.010296 0.009629
0 0.516776 0.357831 0.010296 0.009629
0 0.517139 0.344204 0.010296 0.009629
0 0.534823 0.332395 0.010296 0.009629
0 0.535065 0.319132 0.010296 0.009629
1 0.552447 0.4246 0.010659 0.010174
1 0.696221 0.358285 0.010659 0.010174
1 0.719598 0.42133 0.010659 0.010174
1 0.720809 0.488917 0.010659 0.010174
1 0.640141 0.641079 0.006783 0.016533
1 0.650557 0.354288 0.010659 0.010174
1 0.747578 0.466206 0.010659 0.010174
1 0.766352 0.488372 0.010659 0.010174
1 0.766352 0.50109 0.010659 0.010174
1 0.766352 0.514717 0.010659 0.010174
1 0.766352 0.528161 0.010659 0.010174
1 0.749273 0.54415 0.010659 0.010174
1 0.748789 0.556686 0.010659 0.010174
1 0.721294 0.523619 0.010659 0.010174
1 0.808503 0.311137 0.006783 0.016533
1 0.752907 0.524437 0.006783 0.016533
1 0.744549 0.524982 0.006783 0.016533
1 0.763203 0.552961 0.006783 0.016533
1 0.71015 0.620367 0.006783 0.016533
1 0.64874 0.640171 0.006783 0.016533
1 0.668847 0.313136 0.006783 0.016533
1 0.764414 0.312591 0.006783 0.016533
1 0.773014 0.311864 0.006783 0.016533
1 0.782461 0.311501 0.006783 0.016533
1 0.790577 0.312046 0.006783 0.016533
1 0.799782 0.311682 0.006783 0.016533
4 0.637718 0.317951 0.030281 0.03452
