4 0.270833 0.448492 0.037548 0.053961
4 0.271136 0.528888 0.048813 0.049419
0 0.43641 0.593841 0.062258 0.059775
2 0.44392 0.498637 0.059593 0.089935
4 0.437924 0.399255 0.055354 0.068132
2 0.461483 0.317224 0.027374 0.052326
0 0.458636 0.270894 0.015867 0.014898
4 0.309956 0.334121 0.039244 0.067224
5 0.395652 0.323219 0.019743 0.017805
5 0.309109 0.280069 0.01187 0.028161
5 0.366764 0.280069 0.01187 0.028161
5 0.371669 0.323765 0.019743 0.017805
0 0.414729 0.276617 0.019138 0.018714
0 0.25327 0.579669 0.006298 0.015807
0 0.284157 0.600927 0.006298 0.015807
0 0.275315 0.601472 0.006298 0.015807
0 0.268653 0.579488 0.006298 0.015807
0 0.285732 0.377362 0.009932 0.009448
0 0.336483 0.291424 0.009932 0.009448
1 0.335877 0.271802 0.010174 0.010901
1 0.434714 0.313953 0.006541 0.016715
0 0.286095 0.389717 0.009932 0.009448
1 0.285732 0.283612 0.006541 0.016715
1 0.392805 0.28125 0.006541 0.016715
1 0.354893 0.309593 0.006541 0.016715
1 0.355257 0.332304 0.006541 0.016715
1 0.434714 0.292696 0.006541 0.016715
1 0.416727 0.328488 0.010538 0.009811
1 0.416727 0.315225 0.010538 0.009811
0 0.434532 0.33512 0.005935 0.015807
0 0.473958 0.388717 0.005572 0.014353
1 0.47414 0.419604 0.0086 0.022711
2 0.772529 0.393895 0.038517 0.057413
3 0.780826 0.328852 0.012476 0.039608
0 0.801902 0.481286 0.0086 0.023256
0 0.789062 0.481286 0.0086 0.023256
0 0.77586 0.481286 0.0086 0.023256
0 0.763384 0.481286 0.0086 0.023256
0 0.801902 0.443677 0.0086 0.023256
0 0.789062 0.443677 0.0086 0.023256
0 0.77586 0.443677 0.0086 0.023256
0 0.763384 0.443677 0.0086 0.023256
0 0.752059 0.47738 0.005572 0.015807
0 0.752483 0.675327 0.005935 0.015262
1 0.754906 0.280705 0.005935 0.016715
1 0.746306 0.28016 0.005935 0.016715
1 0.754845 0.336392 0.010174 0.010356
1 0.755087 0.324037 0.010174 0.010356
1 0.786822 0.674237 0.006541 0.016352
1 0.761386 0.675327 0.006541 0.016352
1 0.769622 0.674782 0.006541 0.016352
1 0.778949 0.674782 0.006541 0.016352
