0 0.29625 0.05375 0.0225 0.0575
0 0.34125 0.055 0.02375 0.056667
0 0.380312 0.053333 0.024375 0.056667
0 0.42125 0.0525 0.02625 0.06
0 0.465313 0.0525 0.024375 0.061667
0 0.505938 0.053333 0.024375 0.061667
0 0.549063 0.052917 0.024375 0.0575
0 0.3775 0.165417 0.02625 0.0625
0 0.422187 0.169583 0.024375 0.0625
0 0.463438 0.164167 0.024375 0.06
0 0.508437 0.165 0.025625 0.061667
0 0.550625 0.166667 0.02375 0.056667
0 0.678125 0.05375 0.02375 0.059167
0 0.721875 0.052083 0.02375 0.059167
0 0.764687 0.052083 0.024375 0.059167
0 0.805312 0.054167 0.024375 0.06
0 0.850313 0.05375 0.025625 0.0575
0 0.677188 0.16375 0.025625 0.059167
0 0.720625 0.1675 0.02625 0.061667
0 0.765 0.16625 0.0225 0.059167
0 0.8075 0.166667 0.02375 0.061667
0 0.040625 0.450417 0.07125 0.184167
5 0.223125 0.774583 0.125 0.074167
1 0.120938 0.698333 0.025625 0.066667
1 0.21 0.460833 0.03 0.066667
1 0.351562 0.44875 0.051875 0.0425
1 0.608125 0.4825 0.0275 0.066667
1 0.649375 0.482917 0.0275 0.0725
1 0.94625 0.396667 0.03 0.065
1 0.054688 0.03125 0.050625 0.039167
1 0.130625 0.103333 0.04875 0.046667
