4 0.875 0.468333 0.14875 0.188333
1 0.859688 0.672083 0.018125 0.044167
1 0.886875 0.67 0.01875 0.045
1 0.868125 0.259167 0.01875 0.046667
1 0.8975 0.260417 0.015 0.0475
1 0.922813 0.260417 0.020625 0.049167
1 0.760312 0.185417 0.031875 0.029167
1 0.649687 0.4925 0.029375 0.025
1 0.649687 0.53375 0.029375 0.029167
0 0.83875 0.25875 0.02 0.044167
5 0.906875 0.100833 0.06 0.051667
0 0.626875 0.262083 0.03125 0.029167
0 0.628125 0.3 0.03125 0.025
4 0.704375 0.1325 0.13375 0.196667
4 0.5775 0.472083 0.1275 0.160833
4 0.584375 0.706667 0.16625 0.148333
0 0.79 0.010833 0.03125 0.02
0 0.578125 0.85625 0.01875 0.044167
0 0.60125 0.9175 0.01875 0.043333
1 0.629375 0.915833 0.01875 0.043333
1 0.850625 0.0625 0.01875 0.043333
4 0.8525 0.1275 0.01875 0.048333
