0 0.33375 0.254167 0.04125 0.031667
0 0.335625 0.32625 0.045 0.0375
0 0.483438 0.624167 0.058125 0.051667
0 0.495 0.761667 0.04875 0.126667
0 0.384688 0.76 0.050625 0.133333
0 0.27 0.738333 0.09625 0.071667
0 0.864375 0.277917 0.0275 0.064167
0 0.714688 0.355833 0.044375 0.04
0 0.792813 0.35375 0.044375 0.0375
0 0.89625 0.355 0.045 0.04
0 0.974375 0.353333 0.04625 0.035
0 0.265937 0.109583 0.200625 0.165833
5 0.155 0.449583 0.08 0.054167
0 0.549687 0.099583 0.014375 0.039167
0 0.630313 0.10125 0.016875 0.0375
1 0.505938 0.157917 0.029375 0.0225
1 0.587187 0.183333 0.031875 0.03
1 0.613437 0.28375 0.031875 0.0275
1 0.556562 0.301667 0.031875 0.026667
1 0.505313 0.3025 0.028125 0.025
1 0.50625 0.339167 0.03375 0.026667
1 0.505625 0.412917 0.03875 0.0325
1 0.594688 0.362083 0.020625 0.044167
1 0.643125 0.356667 0.03375 0.031667
1 0.595938 0.423333 0.021875 0.046667
1 0.505625 0.4875 0.03125 0.026667
1 0.554688 0.5325 0.033125 0.031667
1 0.459375 0.560417 0.03125 0.0275
1 0.07 0.278333 0.01625 0.05
1 0.044375 0.279583 0.01875 0.049167
1 0.016875 0.275833 0.02 0.046667
1 0.035625 0.689583 0.01875 0.049167
1 0.008438 0.692917 0.016875 0.044167
1 0.859375 0.779583 0.02 0.044167
1 0.8875 0.78 0.02 0.045
1 0.69625 0.7575 0.03 0.025
1 0.60375 0.765 0.01875 0.041667
1 0.546875 0.919583 0.02 0.0425
0 0.549063 0.24625 0.014375 0.039167
0 0.82375 0.030833 0.02 0.041667
0 0.906875 0.065 0.01875 0.045
0 0.905 0.1375 0.015 0.045
0 0.9325 0.13625 0.01875 0.044167
0 0.960938 0.135 0.014375 0.045
0 0.986875 0.206667 0.01875 0.04
0 0.961875 0.209583 0.01625 0.0425
0 0.933125 0.20875 0.01875 0.039167
0 0.90625 0.210833 0.01625 0.04
0 0.82375 0.10125 0.01875 0.044167
0 0.797188 0.1 0.014375 0.041667
0 0.770625 0.100833 0.01875 0.041667
0 0.6875 0.174167 0.01625 0.041667
0 0.714063 0.17125 0.016875 0.039167
0 0.741563 0.174583 0.016875 0.0425
0 0.769062 0.172083 0.018125 0.0425
0 0.796562 0.172917 0.016875 0.039167
0 0.822812 0.1725 0.018125 0.046667
0 0.7575 0.226667 0.03 0.025
0 0.685937 0.280833 0.016875 0.045
0 0.715625 0.280833 0.01625 0.046667
0 0.740938 0.282917 0.018125 0.039167
0 0.769375 0.283333 0.01875 0.041667
0 0.796562 0.281667 0.014375 0.041667
0 0.825937 0.2825 0.016875 0.04
0 0.9075 0.283333 0.01625 0.041667
0 0.933438 0.282083 0.016875 0.039167
0 0.960313 0.281667 0.018125 0.046667
0 0.98875 0.283333 0.015 0.041667
0 0.66 0.429167 0.01625 0.04
0 0.6875 0.43 0.01875 0.04
0 0.712812 0.43125 0.013125 0.039167
0 0.743125 0.43125 0.01875 0.044167
0 0.770938 0.431667 0.018125 0.04
0 0.796562 0.431667 0.016875 0.045
0 0.824375 0.430833 0.02 0.041667
0 0.865938 0.410417 0.033125 0.0275
0 0.905625 0.428333 0.015 0.036667
0 0.932813 0.429167 0.018125 0.04
0 0.959688 0.431667 0.016875 0.04
0 0.987187 0.430417 0.018125 0.0425
0 0.9875 0.505 0.01875 0.045
0 0.9875 0.576667 0.015 0.041667
0 0.96125 0.574583 0.015 0.0425
0 0.933125 0.575417 0.01875 0.039167
0 0.904375 0.575833 0.02 0.045
0 0.904687 0.502083 0.021875 0.044167
0 0.935312 0.5025 0.016875 0.04
0 0.964063 0.5025 0.018125 0.045
0 0.822812 0.504167 0.016875 0.04
0 0.7975 0.502917 0.01625 0.0375
0 0.77 0.502917 0.01625 0.0425
0 0.740313 0.5025 0.020625 0.041667
0 0.714375 0.502917 0.01625 0.0425
0 0.688125 0.5025 0.02 0.045
0 0.659375 0.502083 0.01875 0.044167
0 0.711875 0.575417 0.02 0.0425
0 0.742188 0.577083 0.018125 0.0425
0 0.769375 0.575417 0.015 0.0425
0 0.796562 0.576667 0.020625 0.04
0 0.824063 0.575417 0.016875 0.039167
5 0.099375 0.1175 0.06125 0.05
2 0.309688 0.092083 0.089375 0.150833
4 0.24 0.335833 0.175 0.193333
2 0.260937 0.630833 0.196875 0.258333
0 0.24125 0.903333 0.20625 0.163333
1 0.228125 0.089167 0.01875 0.043333
1 0.229375 0.026667 0.01875 0.043333
1 0.173125 0.132083 0.03125 0.025833
1 0.171875 0.095417 0.03125 0.025833
0 0.229687 0.151667 0.019375 0.043333
0 0.360625 0.305 0.0175 0.043333
1 0.360312 0.394583 0.024375 0.065833
