1 0.287813 0.22625 0.058125 0.049167
1 0.286562 0.30375 0.059375 0.0475
1 0.286562 0.38125 0.059375 0.0525
1 0.287813 0.457083 0.058125 0.044167
1 0.199063 0.433333 0.039375 0.086667
1 0.141875 0.4325 0.04125 0.085
1 0.171875 0.54125 0.06 0.049167
1 0.1725 0.619167 0.06125 0.056667
1 0.265313 0.599583 0.031875 0.0825
1 0.16625 0.0975 0.0575 0.045
0 0.226562 0.767083 0.120625 0.099167
0 0.3525 0.31875 0.0425 0.1175
0 0.43625 0.314167 0.045 0.116667
0 0.52375 0.31625 0.0425 0.1125
0 0.608125 0.319167 0.04625 0.123333
0 0.608437 0.534583 0.048125 0.124167
0 0.523438 0.536667 0.048125 0.12
0 0.437188 0.53625 0.046875 0.119167
0 0.353438 0.53875 0.048125 0.1175
0 0.2825 0.518333 0.03125 0.076667
