0 0.060937 0.0725 0.035625 0.071667
0 0.118125 0.06875 0.03125 0.0725
0 0.291875 0.410417 0.03 0.0775
0 0.176563 0.56 0.035625 0.076667
0 0.234375 0.55875 0.03375 0.084167
0 0.290625 0.558333 0.03375 0.08
0 0.285313 0.71 0.036875 0.08
0 0.233125 0.712917 0.03375 0.079167
0 0.17625 0.7125 0.035 0.08
0 0.1175 0.7125 0.03375 0.08
0 0.061875 0.70875 0.03 0.0775
0 0.4625 0.48125 0.03125 0.079167
0 0.461875 0.633333 0.03 0.08
0 0.515938 0.629167 0.033125 0.085
0 0.574688 0.629167 0.031875 0.085
0 0.801875 0.561667 0.03125 0.08
0 0.46 0.785833 0.0375 0.076667
0 0.519062 0.785 0.033125 0.08
0 0.575 0.785417 0.03375 0.0775
0 0.63 0.78625 0.03375 0.079167
0 0.685625 0.785 0.035 0.08
0 0.745313 0.78375 0.036875 0.0825
0 0.806562 0.937083 0.033125 0.0825
0 0.744062 0.935833 0.029375 0.08
0 0.688125 0.932917 0.035 0.079167
0 0.633125 0.934583 0.03 0.0775
0 0.574375 0.935833 0.035 0.08
0 0.51625 0.935417 0.03 0.0825
0 0.460625 0.934167 0.03 0.076667
0 0.28875 0.934583 0.03125 0.0775
0 0.232187 0.937917 0.028125 0.074167
0 0.175937 0.940417 0.035625 0.0775
0 0.119375 0.937917 0.03125 0.074167
0 0.062187 0.940417 0.031875 0.079167
0 0.15125 0.824167 0.06375 0.045
0 0.496563 0.087083 0.035625 0.084167
0 0.35875 0.314167 0.035 0.086667
1 0.552813 0.089167 0.036875 0.095
1 0.44 0.32375 0.06 0.0575
1 0.731563 0.343333 0.069375 0.06
1 0.884687 0.713333 0.066875 0.051667
4 0.355312 0.114167 0.181875 0.19
0 0.370625 0.9275 0.055 0.128333
