1 0.256875 0.192083 0.03375 0.0275
1 0.345 0.315833 0.03125 0.03
1 0.401562 0.38 0.033125 0.03
1 0.4025 0.415 0.035 0.025
1 0.402187 0.451667 0.033125 0.03
1 0.402813 0.490417 0.031875 0.0275
1 0.359063 0.48 0.020625 0.046667
1 0.333437 0.47875 0.021875 0.044167
1 0.348438 0.532083 0.033125 0.0275
1 0.346875 0.567083 0.03 0.0275
1 0.393437 0.558333 0.016875 0.04
1 0.274687 0.597917 0.031875 0.0275
1 0.26125 0.474583 0.03125 0.029167
1 0.260313 0.380833 0.035625 0.031667
1 0.225 0.744583 0.01875 0.044167
1 0.034375 0.7975 0.02 0.046667
1 0.009375 0.800417 0.015 0.0375
0 0.374063 0.638333 0.059375 0.045
0 0.053437 0.084167 0.014375 0.04
0 0.0525 0.155833 0.01625 0.04
0 0.07875 0.155417 0.015 0.039167
0 0.1075 0.15375 0.015 0.039167
0 0.184688 0.01875 0.033125 0.024167
0 0.216875 0.12 0.01625 0.04
0 0.19 0.2275 0.01875 0.041667
0 0.161875 0.228333 0.01875 0.045
0 0.134063 0.229167 0.018125 0.041667
0 0.107813 0.229167 0.018125 0.046667
0 0.080312 0.228333 0.018125 0.04
0 0.0525 0.229167 0.01625 0.041667
0 0.052187 0.30375 0.018125 0.0425
0 0.080312 0.30125 0.014375 0.0425
0 0.106563 0.300833 0.016875 0.041667
0 0.135 0.301667 0.01625 0.041667
0 0.161562 0.302083 0.016875 0.039167
0 0.188438 0.301667 0.014375 0.041667
0 0.217812 0.304583 0.018125 0.044167
0 0.32625 0.230417 0.01625 0.0375
0 0.050625 0.449167 0.015 0.04
0 0.08 0.447083 0.015 0.039167
0 0.107188 0.447083 0.018125 0.044167
0 0.13375 0.45 0.015 0.045
0 0.160625 0.44875 0.015 0.0375
0 0.188125 0.448333 0.015 0.046667
0 0.215 0.450417 0.02 0.0425
0 0.050937 0.519167 0.020625 0.04
0 0.050625 0.595417 0.01875 0.0425
0 0.079687 0.595417 0.016875 0.039167
0 0.108125 0.595417 0.01875 0.0425
0 0.13625 0.596667 0.01625 0.036667
0 0.080625 0.521667 0.01625 0.04
0 0.107813 0.520417 0.018125 0.0425
0 0.135 0.521667 0.01625 0.04
0 0.162188 0.52125 0.018125 0.044167
3 0.534062 0.76375 0.039375 0.1125
1 0.4025 0.115 0.035 0.025
1 0.403125 0.153333 0.03875 0.03
5 0.488125 0.125 0.0375 0.111667
2 0.460625 0.317083 0.125 0.165833
0 0.431875 0.464167 0.02625 0.065
0 0.475938 0.460833 0.025625 0.066667
0 0.517813 0.462083 0.025625 0.064167
0 0.56125 0.461667 0.02375 0.065
0 0.43375 0.574583 0.0225 0.0625
0 0.475625 0.5725 0.02375 0.066667
0 0.520312 0.571667 0.024375 0.06
0 0.560312 0.57125 0.021875 0.064167
0 0.398125 0.564583 0.01875 0.0425
