0 0.48625 0.813333 0.03 0.026667
0 0.486875 0.84875 0.03125 0.0225
0 0.542813 0.744167 0.028125 0.025
0 0.541562 0.779583 0.028125 0.019167
0 0.725 0.719167 0.01625 0.041667
0 0.752812 0.715 0.016875 0.04
0 0.955313 0.614583 0.029375 0.0225
0 0.956562 0.653333 0.028125 0.026667
0 0.934063 0.724167 0.020625 0.051667
0 0.866875 0.83375 0.02 0.044167
0 0.835 0.882083 0.02 0.0425
0 0.915625 0.914167 0.02 0.041667
0 0.834063 0.954583 0.018125 0.0425
0 0.806562 0.95 0.018125 0.046667
0 0.778438 0.951667 0.018125 0.045
0 0.641563 0.954167 0.016875 0.041667
0 0.559688 0.9525 0.016875 0.041667
1 0.90375 0.837917 0.035 0.0275
1 0.96125 0.72375 0.02 0.0425
4 0.865938 0.73875 0.089375 0.099167
