1 0.4075 0.742083 0.01875 0.0425
1 0.434063 0.742083 0.018125 0.039167
1 0.46375 0.7425 0.01875 0.045
1 0.490938 0.7425 0.016875 0.045
1 0.518125 0.742083 0.01875 0.0425
1 0.546562 0.739583 0.016875 0.044167
1 0.1925 0.868333 0.03375 0.03
1 0.107813 0.744167 0.021875 0.046667
1 0.05375 0.856667 0.03375 0.025
0 0.102188 0.635417 0.028125 0.019167
0 0.103438 0.67375 0.028125 0.0275
0 0.077813 0.743333 0.016875 0.04
0 0.013125 0.853333 0.01875 0.041667
0 0.06375 0.932917 0.01625 0.039167
0 0.2275 0.9725 0.01625 0.041667
1 0.354687 0.870417 0.019375 0.045833
1 0.383437 0.86875 0.018125 0.044167
1 0.411875 0.868333 0.01875 0.041667
