0 0.223125 0.509167 0.0225 0.055
0 0.055313 0.338333 0.024375 0.06
0 0.013437 0.507917 0.024375 0.0575
0 0.011875 0.621667 0.02 0.056667
0 0.056875 0.623333 0.02375 0.055
0 0.053125 0.849167 0.02375 0.055
0 0.011875 0.84875 0.02375 0.059167
1 0.12125 0.745417 0.04625 0.039167
1 0.122813 0.893333 0.048125 0.035
1 0.235937 0.896667 0.029375 0.066667
1 0.276562 0.895 0.028125 0.066667
1 0.258125 0.975417 0.04625 0.039167
1 0.342813 0.911667 0.048125 0.036667
1 0.342813 0.849583 0.048125 0.044167
1 0.344062 0.79375 0.044375 0.0375
1 0.345625 0.737083 0.04625 0.044167
1 0.254375 0.644167 0.04625 0.036667
1 0.117188 0.44875 0.044375 0.0375
3 0.490938 0.352083 0.058125 0.164167
1 0.36 0.332917 0.04625 0.039167
1 0.362812 0.388333 0.048125 0.036667
1 0.360938 0.145417 0.024375 0.0575
1 0.317188 0.14875 0.024375 0.054167
2 0.446562 0.63875 0.173125 0.235833
0 0.40625 0.852917 0.03375 0.0925
0 0.470313 0.852083 0.031875 0.094167
0 0.532813 0.852917 0.033125 0.0875
0 0.596875 0.85125 0.03875 0.094167
