0 0.696875 0.540417 0.065 0.049167
0 0.697187 0.64875 0.065625 0.0475
0 0.913438 0.079167 0.039375 0.03
0 0.913125 0.135833 0.03875 0.031667
0 0.955625 0.83875 0.04125 0.0325
0 0.150312 0.574167 0.021875 0.055
1 0.9575 0.389167 0.045 0.035
1 0.956875 0.60875 0.045 0.034167
1 0.9575 0.667083 0.04625 0.0325
1 0.958438 0.78375 0.040625 0.0325
1 0.956562 0.898333 0.044375 0.035
1 0.195625 0.570833 0.02375 0.06
1 0.239687 0.572917 0.025625 0.0625
1 0.28125 0.574167 0.02625 0.06
1 0.028125 0.46 0.04125 0.036667
5 0.415312 0.83875 0.123125 0.079167
0 0.59 0.317083 0.30125 0.2475
0 0.439688 0.125833 0.081875 0.066667
0 0.651875 0.097917 0.0675 0.0525
1 0.054375 0.1125 0.04875 0.035
1 0.149688 0.2725 0.028125 0.061667
1 0.149688 0.369167 0.028125 0.061667
5 0.205313 0.145833 0.055625 0.123333
5 0.230313 0.335833 0.089375 0.071667
5 0.346875 0.330417 0.0875 0.069167
4 0.555625 0.655833 0.265 0.278333
1 0.333437 0.147083 0.029375 0.064167
2 0.666562 0.2975 0.130625 0.216667
1 0.5375 0.283333 0.02625 0.061667
1 0.53625 0.191667 0.02625 0.061667
1 0.4525 0.351667 0.04625 0.038333
1 0.45125 0.294167 0.04625 0.038333
0 0.056563 0.197917 0.044375 0.034167
0 0.539062 0.37875 0.025625 0.0625
0 0.734062 0.60875 0.025625 0.059167
1 0.734688 0.740833 0.039375 0.093333
