0 0.460938 0.247083 0.054375 0.0425
0 0.46125 0.32375 0.05375 0.0425
0 0.575937 0.1025 0.054375 0.045
0 0.576562 0.179583 0.051875 0.0425
0 0.953125 0.051667 0.03 0.08
0 0.778438 0.544583 0.033125 0.0725
0 0.609688 0.54 0.031875 0.076667
0 0.895312 0.692083 0.028125 0.074167
0 0.95375 0.692917 0.03125 0.079167
0 0.169063 0.865 0.088125 0.066667
0 0.609375 0.84375 0.03 0.079167
0 0.8975 0.920417 0.03375 0.0825
0 0.955313 0.920833 0.033125 0.085
1 0.521875 0.659583 0.06 0.059167
1 0.692187 0.711667 0.063125 0.056667
1 0.745625 0.917917 0.06125 0.0525
1 0.62875 0.959167 0.06125 0.045
1 0.52 0.954583 0.06375 0.0475
0 0.1075 0.17625 0.0925 0.074167
2 0.120938 0.447917 0.171875 0.300833
