0 0.7525 0.199583 0.0975 0.0775
0 0.43125 0.202083 0.0975 0.0775
0 0.213125 0.20125 0.0975 0.0775
0 0.051875 0.199583 0.0975 0.0775
0 0.59125 0.200417 0.0975 0.0775
0 0.0525 0.04875 0.035 0.0775
0 0.109063 0.05 0.028125 0.076667
0 0.164687 0.05 0.035625 0.076667
0 0.221875 0.052917 0.03375 0.0775
0 0.279062 0.04875 0.033125 0.079167
0 0.449688 0.0475 0.031875 0.08
0 0.50625 0.04875 0.03 0.074167
0 0.563438 0.046667 0.033125 0.08
0 0.621563 0.048333 0.033125 0.081667
0 0.6775 0.04625 0.03375 0.0775
0 0.733437 0.048333 0.028125 0.071667
0 0.795937 0.053333 0.031875 0.076667
0 0.04875 0.35375 0.03375 0.0825
0 0.109063 0.355833 0.031875 0.08
0 0.166875 0.355417 0.035 0.079167
0 0.220312 0.355 0.031875 0.08
0 0.278125 0.353333 0.03125 0.081667
0 0.364687 0.314583 0.059375 0.0475
0 0.447188 0.352083 0.033125 0.0825
0 0.506563 0.3525 0.029375 0.08
0 0.561562 0.35375 0.031875 0.0775
0 0.620313 0.352083 0.033125 0.0775
0 0.675312 0.350833 0.028125 0.08
0 0.730625 0.353333 0.03375 0.075
0 0.78875 0.3525 0.03125 0.075
0 0.678438 0.504583 0.031875 0.079167
0 0.619687 0.507083 0.031875 0.079167
0 0.564375 0.502917 0.03 0.0775
0 0.507812 0.5025 0.033125 0.076667
0 0.448125 0.505417 0.035 0.0825
0 0.27875 0.50375 0.03125 0.0775
0 0.22 0.505 0.035 0.076667
0 0.164375 0.50375 0.035 0.0775
0 0.105313 0.5025 0.035625 0.08
0 0.051875 0.505 0.03375 0.081667
0 0.0475 0.653333 0.03125 0.076667
0 0.10875 0.658333 0.035 0.08
0 0.162188 0.655417 0.033125 0.079167
0 0.221875 0.655417 0.03125 0.079167
0 0.277813 0.655833 0.033125 0.08
0 0.44625 0.655417 0.035 0.074167
0 0.50625 0.655833 0.03375 0.076667
0 0.56375 0.655833 0.03 0.076667
0 0.624062 0.655833 0.029375 0.075
1 0.879687 0.212917 0.061875 0.0525
1 0.883125 0.40875 0.0575 0.0525
1 0.910312 0.664583 0.061875 0.0575
1 0.806875 0.961667 0.03375 0.071667
