0 0.109375 0.049167 0.03875 0.03
0 0.023438 0.09875 0.039375 0.0325
0 0.023438 0.154583 0.035625 0.0325
0 0.135937 0.31875 0.025625 0.0625
0 0.26125 0.320833 0.0225 0.056667
0 0.13625 0.545417 0.0225 0.0575
0 0.562187 0.207083 0.025625 0.0575
0 0.691875 0.260417 0.02375 0.0575
0 0.478125 0.320417 0.0225 0.054167
0 0.52 0.314583 0.0225 0.0575
0 0.562813 0.318333 0.024375 0.061667
0 0.34875 0.4325 0.02 0.056667
0 0.392188 0.4325 0.021875 0.055
0 0.4325 0.43125 0.0225 0.0575
0 0.4775 0.4325 0.02375 0.056667
0 0.51875 0.432917 0.02375 0.0575
0 0.559688 0.4325 0.024375 0.056667
0 0.456875 0.5175 0.04125 0.031667
0 0.349375 0.601667 0.02375 0.056667
0 0.392813 0.601667 0.025625 0.056667
0 0.43375 0.601667 0.0225 0.056667
0 0.47625 0.6025 0.02625 0.061667
0 0.519062 0.604167 0.021875 0.055
0 0.560625 0.6 0.02625 0.056667
0 0.689063 0.37375 0.025625 0.0575
0 0.731563 0.372083 0.024375 0.0575
0 0.775312 0.3725 0.024375 0.055
0 0.945312 0.31875 0.021875 0.0575
0 0.689375 0.488333 0.02625 0.061667
0 0.733437 0.488333 0.021875 0.061667
0 0.774062 0.488333 0.025625 0.061667
0 0.816562 0.4875 0.024375 0.06
0 0.85875 0.48875 0.0225 0.059167
0 0.903438 0.489583 0.025625 0.059167
0 0.688438 0.598333 0.024375 0.06
0 0.731563 0.599167 0.021875 0.061667
0 0.773438 0.599583 0.024375 0.0575
0 0.818438 0.600417 0.024375 0.0575
0 0.859062 0.598333 0.024375 0.06
0 0.900937 0.600833 0.024375 0.06
0 0.948125 0.602917 0.02625 0.059167
0 0.62125 0.591667 0.03875 0.095
0 0.390937 0.71375 0.069375 0.0525
0 0.512188 0.717083 0.074375 0.059167
0 0.676875 0.717083 0.0725 0.054167
0 0.795 0.7175 0.075 0.055
0 0.91625 0.714583 0.0675 0.0525
0 0.305625 0.827917 0.0225 0.0575
0 0.347813 0.82875 0.020625 0.059167
0 0.306563 0.942083 0.024375 0.0575
0 0.350625 0.940417 0.02375 0.0575
0 0.391562 0.940417 0.024375 0.0625
0 0.389375 0.828333 0.0225 0.056667
0 0.434375 0.830417 0.02625 0.0575
0 0.478125 0.83 0.02625 0.06
0 0.517813 0.828333 0.025625 0.061667
0 0.5625 0.8275 0.02375 0.06
0 0.560937 0.94375 0.024375 0.059167
0 0.518437 0.9425 0.024375 0.056667
0 0.475938 0.942917 0.024375 0.0575
0 0.431875 0.940417 0.02625 0.0575
0 0.62625 0.8 0.0425 0.036667
0 0.6875 0.82875 0.0275 0.0625
0 0.730625 0.828333 0.02375 0.061667
0 0.773125 0.8275 0.02375 0.06
0 0.81625 0.827083 0.02375 0.059167
0 0.859688 0.82875 0.021875 0.0575
0 0.900625 0.827917 0.02375 0.0575
0 0.944063 0.830833 0.025625 0.061667
0 0.861563 0.945 0.025625 0.061667
0 0.81625 0.9425 0.02625 0.061667
0 0.775937 0.940417 0.024375 0.059167
0 0.731875 0.94125 0.02625 0.059167
0 0.6875 0.940417 0.0275 0.059167
0 0.06375 0.85875 0.04125 0.034167
0 0.6125 0.134583 0.02625 0.059167
1 0.206563 0.7225 0.025625 0.065
1 0.208437 0.82125 0.029375 0.069167
1 0.282813 0.717917 0.048125 0.044167
1 0.194375 0.445 0.04875 0.041667
1 0.067812 0.408333 0.046875 0.041667
1 0.067812 0.63 0.054375 0.04
1 0.068125 0.687083 0.05375 0.0375
1 0.14625 0.63125 0.05 0.0375
1 0.235 0.6025 0.05 0.041667
1 0.069687 0.802917 0.050625 0.0375
1 0.068437 0.92 0.048125 0.036667
1 0.6725 0.142083 0.05 0.044167
1 0.892813 0.160417 0.050625 0.044167
