1 0.167187 0.73625 0.058125 0.0475
1 0.3925 0.885 0.03375 0.08
1 0.451875 0.889167 0.03875 0.076667
1 0.506875 0.888333 0.03375 0.086667
0 0.33 0.8925 0.03125 0.071667
5 0.38875 0.2075 0.06875 0.156667
0 0.704375 0.193333 0.11375 0.085
5 0.42 0.47125 0.1175 0.094167
5 0.575937 0.464583 0.113125 0.094167
1 0.558125 0.212917 0.035 0.0825
1 0.1875 0.167917 0.0575 0.044167
1 0.310937 0.384583 0.033125 0.079167
1 0.314063 0.51375 0.039375 0.0825
0 0.189062 0.28375 0.058125 0.044167
1 0.719375 0.495417 0.05875 0.045833
1 0.719375 0.417083 0.05875 0.045833
0 0.836875 0.532083 0.0325 0.080833
1 0.833125 0.40625 0.03625 0.0825
1 0.834375 0.282083 0.03625 0.0825
