0 0.943125 0.179583 0.0925 0.070833
0 0.827187 0.332083 0.029375 0.0775
0 0.885 0.33125 0.0325 0.075833
0 0.939063 0.334167 0.029375 0.078333
0 0.83 0.484167 0.03125 0.08
0 0.886563 0.484583 0.030625 0.0775
0 0.941875 0.484583 0.02875 0.075833
0 0.939063 0.634167 0.034375 0.078333
0 0.160938 0.11625 0.088125 0.064167
0 0.465938 0.735833 0.123125 0.101667
0 0.507188 0.3725 0.058125 0.04
1 0.7325 0.0325 0.06125 0.045
1 0.618437 0.06875 0.055625 0.049167
1 0.50875 0.07 0.065 0.046667
1 0.50875 0.145417 0.06375 0.0475
1 0.510938 0.301667 0.061875 0.051667
1 0.694375 0.193333 0.03375 0.085
1 0.798125 0.184167 0.065 0.055
1 0.509375 0.457083 0.0575 0.044167
1 0.612812 0.551667 0.059375 0.056667
1 0.416563 0.609167 0.061875 0.05
1 0.696562 0.32375 0.036875 0.0875
