4 0.209545 0.646711 0.024225 0.081577
4 0.434714 0.494095 0.024225 0.081577
4 0.405402 0.631995 0.024225 0.081577
4 0.366521 0.415789 0.024225 0.081577
4 0.211846 0.424509 0.024225 0.081577
4 0.435683 0.399982 0.024225 0.081577
4 0.368459 0.303688 0.024225 0.081577
4 0.287488 0.398074 0.061652 0.192951
4 0.212573 0.536791 0.024225 0.081577
4 0.435683 0.304597 0.024225 0.081577
4 0.308382 0.645167 0.085029 0.127907
4 0.400436 0.764081 0.041909 0.064135
1 0.221657 0.711664 0.011143 0.030887
1 0.234012 0.305323 0.011386 0.032158
1 0.282461 0.536428 0.021076 0.01617
1 0.294089 0.79097 0.021076 0.01617
1 0.323522 0.793514 0.021076 0.01617
1 0.351865 0.794786 0.021076 0.01617
1 0.319041 0.282068 0.013566 0.013263
1 0.446887 0.713572 0.010538 0.029615
1 0.222384 0.360374 0.013566 0.013263
1 0.260659 0.555414 0.009205 0.019985
1 0.243459 0.731286 0.009205 0.019985
1 0.266836 0.741097 0.013566 0.013808
1 0.445797 0.788972 0.010538 0.029615
0 0.308018 0.741007 0.013324 0.013263
0 0.289729 0.285338 0.013324 0.013263
0 0.357558 0.357467 0.013324 0.013263
0 0.388081 0.357831 0.013324 0.013263
0 0.5086 0.369459 0.013324 0.013263
0 0.25327 0.512445 0.013324 0.013263
0 0.202156 0.479197 0.013324 0.013263
0 0.201914 0.591297 0.013324 0.013263
0 0.398861 0.532613 0.013324 0.013263
0 0.19937 0.356559 0.009205 0.019077
0 0.241037 0.775345 0.009205 0.019077
0 0.192951 0.712845 0.009205 0.019077
0 0.243459 0.591661 0.009205 0.019077
0 0.372093 0.641988 0.009205 0.019077
0 0.447674 0.560774 0.009205 0.019077
0 0.320131 0.536973 0.009205 0.019077
0 0.348474 0.477017 0.009205 0.019077
0 0.399588 0.444495 0.009205 0.019077
1 0.706638 0.330941 0.021076 0.025981
