0 0.278767 0.282249 0.009084 0.01944
0 0.199552 0.365461 0.009084 0.01944
0 0.200642 0.442315 0.009084 0.01944
0 0.276708 0.586573 0.009084 0.01944
0 0.307594 0.586573 0.009084 0.01944
0 0.344416 0.58403 0.009084 0.01944
0 0.407764 0.571312 0.009084 0.01944
0 0.377483 0.423238 0.009084 0.01944
0 0.376393 0.375636 0.009084 0.01944
0 0.408127 0.399437 0.009084 0.01944
0 0.669392 0.272802 0.01296 0.013626
0 0.466388 0.672511 0.009327 0.019077
0 0.520773 0.773165 0.009327 0.019077
0 0.428961 0.554506 0.01296 0.013081
0 0.47087 0.702398 0.01296 0.012718
0 0.47087 0.731468 0.01296 0.013081
0 0.414184 0.256177 0.01296 0.013081
0 0.459726 0.274618 0.01296 0.013626
0 0.459969 0.297874 0.01296 0.013626
1 0.373789 0.313318 0.02156 0.01617
1 0.520288 0.731559 0.011265 0.031068
1 0.438893 0.395803 0.011265 0.031068
1 0.437197 0.342751 0.011265 0.031068
1 0.406068 0.343659 0.011265 0.031068
1 0.520228 0.671784 0.016715 0.028525
1 0.670603 0.301962 0.01296 0.013081
1 0.201853 0.602743 0.009084 0.01944
1 0.292938 0.589662 0.009084 0.01944
1 0.467236 0.627998 0.009084 0.01944
1 0.493096 0.615552 0.016715 0.029797
1 0.51938 0.614644 0.016715 0.029797
1 0.202095 0.721566 0.009084 0.01944
1 0.293786 0.281886 0.009084 0.01944
1 0.375545 0.270076 0.009084 0.01944
1 0.362221 0.27044 0.009084 0.01944
1 0.46009 0.253634 0.01296 0.013081
4 0.421996 0.483376 0.069283 0.102653
4 0.28773 0.434866 0.145954 0.216025
4 0.583394 0.709847 0.076914 0.077762
4 0.232679 0.592932 0.042393 0.04415
4 0.41491 0.295331 0.024588 0.04415
4 0.32655 0.278434 0.042393 0.04415
4 0.227168 0.665153 0.053173 0.03561
0 0.448765 0.584757 0.045785 0.041243
0 0.275678 0.65734 0.028343 0.066134
4 0.36743 0.695403 0.120276 0.125182
2 0.252786 0.724291 0.052326 0.029251
4 0.518411 0.306959 0.085998 0.129906
1 0.460332 0.321039 0.01296 0.013081
