4 0.174055 0.520258 0.024225 0.081577
4 0.396318 0.480469 0.024225 0.081577
4 0.367733 0.61855 0.024225 0.081577
4 0.330547 0.401435 0.024225 0.081577
4 0.175388 0.409248 0.024225 0.081577
4 0.398014 0.288972 0.024225 0.081577
4 0.331395 0.287518 0.024225 0.081577
4 0.170785 0.630541 0.024225 0.081577
4 0.398619 0.385265 0.024225 0.081577
0 0.268895 0.7252 0.013324 0.01399
0 0.472141 0.356377 0.013324 0.01399
0 0.352108 0.342751 0.013324 0.01399
0 0.320979 0.342206 0.013324 0.01399
0 0.253391 0.269168 0.013324 0.01399
0 0.165334 0.461937 0.013324 0.01399
0 0.215964 0.496275 0.013324 0.01399
0 0.164365 0.574037 0.013324 0.01399
0 0.361071 0.518441 0.013324 0.01399
0 0.162246 0.339844 0.009327 0.01944
0 0.202459 0.758812 0.009327 0.01944
0 0.15413 0.695222 0.009327 0.01944
0 0.205366 0.575491 0.009327 0.01944
0 0.334605 0.627634 0.009327 0.01944
0 0.28228 0.522438 0.009327 0.01944
0 0.311107 0.462118 0.009327 0.01944
0 0.409823 0.547511 0.009327 0.01944
0 0.362827 0.430323 0.009327 0.01944
1 0.205366 0.670422 0.009569 0.019985
1 0.406916 0.773892 0.011265 0.029251
1 0.40837 0.69831 0.011265 0.029251
1 0.283067 0.265716 0.013808 0.013626
1 0.227955 0.724473 0.013808 0.013626
1 0.204639 0.714571 0.009084 0.019985
1 0.222808 0.538881 0.009084 0.019985
1 0.185441 0.343841 0.013808 0.013626
1 0.182473 0.694495 0.011265 0.031432
1 0.197674 0.288699 0.011628 0.03234
1 0.313106 0.779887 0.02156 0.016897
1 0.244549 0.520258 0.02156 0.016897
1 0.255329 0.775709 0.02156 0.016897
1 0.28452 0.777889 0.02156 0.016897
4 0.361919 0.748274 0.043605 0.064499
4 0.270894 0.629088 0.084908 0.129906
4 0.250182 0.382903 0.061652 0.196039
1 0.669876 0.319858 0.021197 0.026708
