1 0.439196 0.347565 0.016957 0.029797
1 0.440044 0.403343 0.016957 0.029797
1 0.466085 0.40407 0.016957 0.029797
0 0.682473 0.430687 0.009327 0.01944
0 0.438166 0.246094 0.009327 0.01944
0 0.492551 0.344931 0.009327 0.01944
0 0.551417 0.446312 0.009327 0.01944
0 0.500545 0.743732 0.012718 0.013626
0 0.487948 0.286973 0.012718 0.013626
0 0.488554 0.315498 0.012718 0.013626
0 0.529857 0.464117 0.012718 0.013626
0 0.545724 0.762445 0.012718 0.013626
0 0.499939 0.721203 0.012718 0.013626
0 0.759387 0.575309 0.009084 0.019077
0 0.552023 0.619095 0.009084 0.019077
0 0.582546 0.594568 0.009084 0.019077
1 0.585816 0.705396 0.020712 0.016897
1 0.520954 0.622547 0.01187 0.031432
1 0.522892 0.675963 0.01187 0.031432
1 0.553961 0.675236 0.011265 0.031432
1 0.667393 0.428688 0.008721 0.01944
1 0.492006 0.39008 0.009932 0.020349
1 0.438832 0.288245 0.01187 0.031432
1 0.500121 0.698038 0.013324 0.013081
1 0.499879 0.76508 0.013324 0.013081
1 0.584787 0.748274 0.008236 0.01944
4 0.536519 0.533884 0.067951 0.097565
0 0.683685 0.360465 0.027737 0.067951
4 0.373183 0.310501 0.077519 0.083576
4 0.439438 0.713754 0.087209 0.129542
0 0.510538 0.433775 0.0453 0.041243
0 0.615371 0.434502 0.009327 0.01944
0 0.652435 0.430687 0.009327 0.01944
1 0.598353 0.747911 0.008721 0.01944
1 0.757812 0.295967 0.009569 0.019985
1 0.666606 0.73601 0.009569 0.019985
1 0.757449 0.414426 0.009569 0.019985
0 0.583636 0.642896 0.009084 0.019077
0 0.681868 0.736283 0.009084 0.019077
0 0.760235 0.65307 0.009084 0.019077
4 0.73171 0.353834 0.053779 0.036156
2 0.706456 0.295058 0.052931 0.027253
4 0.633418 0.740916 0.042757 0.045785
4 0.590964 0.322311 0.121366 0.124273
4 0.671633 0.583121 0.148498 0.218205
4 0.726805 0.426054 0.042757 0.045785
4 0.544513 0.724473 0.024588 0.046693
1 0.289002 0.717387 0.013808 0.013626
0 0.290758 0.747002 0.012718 0.013626
