0 0.088125 0.545417 0.05625 0.104167
0 0.495625 0.558333 0.07875 0.075
0 0.899375 0.44875 0.05625 0.1125
0 0.900312 0.15875 0.054375 0.1075
0 0.343438 0.081667 0.084375 0.075
4 0.266562 0.87 0.364375 0.216667
4 0.707812 0.884583 0.371875 0.225833
4 0.631875 0.24875 0.36125 0.219167
4 0.255312 0.641667 0.463125 0.643333
0 0.552813 0.21125 0.080625 0.074167
0 0.783438 0.20875 0.080625 0.074167
0 0.666562 0.50875 0.080625 0.074167
1 0.929063 0.794583 0.134375 0.0975
1 0.6775 0.80625 0.14125 0.0975
1 0.930937 0.49375 0.134375 0.0975
