4 0.497335 0.635992 0.024225 0.081577
4 0.567708 0.620004 0.024225 0.081577
4 0.498304 0.731377 0.024225 0.081577
4 0.722747 0.612736 0.024225 0.081577
4 0.566255 0.732649 0.024225 0.081577
4 0.499637 0.541515 0.024225 0.081577
0 0.426417 0.663608 0.012476 0.01399
0 0.577641 0.677053 0.013324 0.01399
0 0.64547 0.748819 0.013324 0.01399
0 0.627786 0.292242 0.013324 0.01399
0 0.563287 0.391261 0.009327 0.01944
0 0.736374 0.677416 0.009327 0.01944
0 0.535429 0.588754 0.009327 0.01944
1 0.615795 0.752453 0.013808 0.013626
1 0.713178 0.674146 0.013808 0.013626
1 0.701308 0.729651 0.011628 0.03234
4 0.646621 0.637264 0.061652 0.196039
4 0.723232 0.498456 0.024225 0.081577
4 0.725533 0.388536 0.024225 0.081577
4 0.528222 0.402525 0.024225 0.081577
0 0.74352 0.321312 0.009327 0.01944
1 0.691437 0.34702 0.009569 0.019985
1 0.489523 0.245004 0.011265 0.029251
1 0.668726 0.292787 0.013808 0.013626
1 0.675206 0.479106 0.009084 0.019985
1 0.692406 0.302871 0.009084 0.019985
1 0.714087 0.322765 0.011265 0.031432
1 0.653464 0.497729 0.02156 0.016897
1 0.641473 0.243187 0.02156 0.016897
4 0.535005 0.269531 0.043605 0.064499
4 0.626272 0.388899 0.084908 0.129906
1 0.583818 0.239371 0.02156 0.016897
1 0.611797 0.24028 0.02156 0.016897
1 0.488675 0.320585 0.011265 0.029251
0 0.586664 0.555868 0.009327 0.01944
0 0.615734 0.495549 0.009327 0.01944
0 0.692284 0.441951 0.009327 0.01944
0 0.487706 0.47193 0.009327 0.01944
0 0.546512 0.67669 0.013324 0.01399
0 0.536943 0.500454 0.013324 0.01399
0 0.682049 0.520803 0.013324 0.01399
0 0.733527 0.555142 0.013324 0.01399
0 0.694586 0.257722 0.009327 0.01944
0 0.733285 0.443405 0.013324 0.01399
1 0.228743 0.701762 0.021197 0.026708
