1 0.443193 0.35992 0.016957 0.029797
1 0.442587 0.416243 0.016957 0.029797
0 0.540758 0.778797 0.012718 0.013626
0 0.758418 0.602017 0.009084 0.019077
1 0.58194 0.723565 0.020712 0.016897
1 0.550388 0.692678 0.01187 0.031432
1 0.495155 0.779978 0.013324 0.013081
1 0.494792 0.405251 0.008236 0.01944
4 0.535429 0.548601 0.067951 0.097565
4 0.378755 0.319222 0.077519 0.083576
4 0.434835 0.721748 0.087209 0.129542
0 0.687318 0.38472 0.027737 0.067406
1 0.668726 0.451036 0.008721 0.01944
1 0.761567 0.322674 0.009569 0.019985
1 0.661761 0.758903 0.009569 0.019985
1 0.75975 0.441134 0.009569 0.019985
4 0.735102 0.37927 0.053779 0.036156
2 0.710877 0.316225 0.053537 0.028888
4 0.628573 0.761628 0.042757 0.045785
4 0.594961 0.342297 0.121366 0.124273
4 0.670785 0.603834 0.148498 0.218205
4 0.727895 0.449128 0.042757 0.045785
4 0.53991 0.741915 0.024588 0.046693
0 0.512839 0.448129 0.0453 0.041243
0 0.444101 0.258085 0.009084 0.019077
0 0.58085 0.613826 0.009084 0.019077
0 0.58085 0.661791 0.009084 0.019077
0 0.676781 0.758993 0.009084 0.019077
0 0.75757 0.679233 0.009084 0.019077
0 0.493156 0.301871 0.012718 0.013626
0 0.495216 0.758448 0.012718 0.013626
1 0.44392 0.3006 0.01187 0.031432
1 0.519864 0.69177 0.01187 0.031432
1 0.496003 0.712936 0.013324 0.013081
0 0.549964 0.636355 0.009084 0.019077
0 0.495579 0.736464 0.012718 0.013626
0 0.684048 0.455214 0.009084 0.019077
0 0.654009 0.454306 0.009084 0.019077
0 0.616945 0.454306 0.009084 0.019077
0 0.55275 0.46448 0.009084 0.019077
0 0.496427 0.361283 0.009084 0.019077
1 0.468629 0.415879 0.016957 0.029797
0 0.531553 0.480287 0.012718 0.013626
0 0.492551 0.330033 0.012718 0.013626
1 0.518411 0.638354 0.01187 0.031432
1 0.579942 0.766806 0.008236 0.01944
1 0.593508 0.766806 0.008721 0.01944
1 0.28561 0.722475 0.013324 0.013626
0 0.285913 0.751726 0.012718 0.013626
