5 0.152798 0.562137 0.008358 0.026526
1 0.384266 0.624092 0.019259 0.015988
1 0.33618 0.624637 0.019259 0.015988
5 0.452217 0.614735 0.030887 0.035792
3 0.380148 0.54415 0.007631 0.019622
0 0.372699 0.58185 0.005572 0.014353
1 0.373547 0.600927 0.006783 0.005996
5 0.35132 0.559502 0.030887 0.035792
1 0.460635 0.655796 0.006783 0.005996
1 0.475291 0.642442 0.007267 0.006904
0 0.474201 0.656159 0.009932 0.008539
1 0.465722 0.538699 0.004118 0.010538
0 0.659581 0.526526 0.0086 0.019622
0 0.749273 0.627089 0.003876 0.009629
0 0.712815 0.627271 0.003876 0.009629
0 0.742248 0.627453 0.003876 0.009629
1 0.8082 0.626272 0.019501 0.014898
1 0.767381 0.626272 0.019501 0.014898
0 0.778706 0.515171 0.003876 0.009993
0 0.737161 0.513536 0.003876 0.009993
1 0.374273 0.564317 0.007267 0.005814
