4 0.162367 0.227198 0.036216 0.053961
4 0.16703 0.147711 0.013808 0.03561
0 0.127786 0.200491 0.013808 0.011446
0 0.131601 0.227471 0.008842 0.008358
0 0.189741 0.259993 0.0086 0.007994
0 0.156553 0.269985 0.0086 0.007994
0 0.172299 0.269985 0.0086 0.007994
0 0.179203 0.123728 0.0086 0.008358
1 0.179385 0.172511 0.010174 0.008903
1 0.193556 0.245458 0.010174 0.009448
1 0.354288 0.213481 0.006541 0.014898
1 0.132631 0.246911 0.010174 0.009448
1 0.119792 0.244731 0.005572 0.014898
1 0.359557 0.264717 0.005935 0.015262
1 0.248789 0.212936 0.006541 0.014898
1 0.248001 0.263081 0.005935 0.015262
1 0.301478 0.213844 0.006541 0.014898
1 0.30069 0.26399 0.005935 0.015262
1 0.348534 0.26399 0.005935 0.015262
3 0.327701 0.143805 0.017078 0.015807
3 0.328064 0.088935 0.017078 0.015807
1 0.346415 0.163881 0.010174 0.009448
3 0.328064 0.088935 0.017078 0.015807
1 0.346778 0.150436 0.010174 0.009448
1 0.347141 0.137173 0.010174 0.009448
1 0.346778 0.123728 0.010174 0.009448
1 0.347141 0.110102 0.010174 0.009448
1 0.346778 0.096657 0.010174 0.009448
1 0.347141 0.082849 0.010174 0.009448
1 0.346778 0.069404 0.010174 0.009448
0 0.410671 0.21548 0.008842 0.007994
1 0.0668 0.46548 0.009569 0.008721
1 0.16164 0.32431 0.009569 0.008721
1 0.187318 0.33085 0.009569 0.008721
1 0.0668 0.482013 0.009569 0.008721
1 0.067406 0.448765 0.009569 0.008721
1 0.067406 0.398074 0.009569 0.008721
1 0.067284 0.381359 0.009569 0.008721
1 0.067163 0.431323 0.009569 0.008721
1 0.067042 0.414971 0.009569 0.008721
1 0.067284 0.363735 0.009569 0.008721
2 0.330366 0.383721 0.040092 0.05814
2 0.193617 0.383721 0.040092 0.055596
2 0.193496 0.501453 0.040092 0.055596
2 0.330002 0.501272 0.040092 0.055596
4 0.263263 0.44177 0.054142 0.081577
3 0.083939 0.456577 0.016715 0.015988
3 0.083939 0.398074 0.016715 0.015988
1 0.282037 0.378906 0.005451 0.01399
1 0.149649 0.337118 0.005451 0.01399
1 0.165516 0.344931 0.005451 0.01399
1 0.24897 0.378725 0.005451 0.01399
1 0.27368 0.378906 0.005451 0.01399
1 0.286761 0.355015 0.009084 0.008721
1 0.270409 0.355378 0.009084 0.008721
1 0.253089 0.35556 0.009084 0.008721
1 0.236252 0.354833 0.009084 0.008721
1 0.221415 0.341206 0.010659 0.024346
0 0.301114 0.490825 0.010659 0.023438
0 0.221354 0.378089 0.011022 0.025073
0 0.221172 0.416152 0.010659 0.023438
0 0.220809 0.472111 0.010659 0.023438
0 0.301599 0.398165 0.010659 0.023438
0 0.232255 0.494731 0.004724 0.012718
0 0.232498 0.388626 0.004724 0.012718
0 0.240128 0.379179 0.004724 0.012718
0 0.290395 0.379542 0.004724 0.012718
0 0.297783 0.430959 0.004724 0.012718
0 0.297905 0.458576 0.004724 0.012718
0 0.285429 0.501272 0.004724 0.012718
0 0.240371 0.501272 0.004724 0.012718
0 0.265686 0.378725 0.005208 0.013626
0 0.257449 0.378725 0.005208 0.013626
0 0.220991 0.446675 0.009084 0.007812
0 0.208273 0.443586 0.005208 0.01399
0 0.220809 0.510901 0.010417 0.024346
1 0.194586 0.4504 0.009084 0.008721
1 0.194586 0.438045 0.009084 0.008721
1 0.277132 0.501817 0.005814 0.014898
1 0.248425 0.50218 0.005814 0.014898
1 0.28773 0.522075 0.008842 0.007812
1 0.237827 0.522075 0.008842 0.007812
1 0.254906 0.522075 0.008842 0.007812
1 0.271136 0.522075 0.008842 0.007812
5 0.333091 0.443223 0.02907 0.056868
1 0.372032 0.527435 0.011022 0.025073
1 0.403585 0.277707 0.006056 0.013263
1 0.406674 0.310411 0.005451 0.013626
1 0.41485 0.277707 0.006056 0.013263
0 0.407885 0.367642 0.01296 0.011083
0 0.407219 0.392805 0.026405 0.03125
0 0.403282 0.432413 0.021197 0.039608
0 0.406977 0.548874 0.027132 0.030887
0 0.407582 0.480015 0.027132 0.030887
0 0.406734 0.513808 0.027132 0.030887
0 0.358588 0.489281 0.011749 0.024709
0 0.371609 0.488735 0.010659 0.024709
0 0.358951 0.396076 0.011749 0.024709
0 0.372456 0.396621 0.010659 0.024709
1 0.372638 0.358103 0.011022 0.025073
1 0.37179 0.588844 0.009327 0.008721
1 0.372032 0.572311 0.009327 0.008721
0 0.375848 0.689589 0.010417 0.023438
0 0.232861 0.682231 0.015383 0.015625
0 0.331698 0.697674 0.015383 0.015625
0 0.233467 0.641715 0.015383 0.015625
4 0.153767 0.643805 0.069162 0.103743
4 0.209847 0.717751 0.023619 0.01944
1 0.115734 0.853016 0.034278 0.042878
0 0.186894 0.937954 0.010174 0.022711
0 0.361252 0.921148 0.015141 0.015262
1 0.175145 0.937591 0.006056 0.013626
1 0.361131 0.90198 0.009327 0.008176
1 0.368035 0.790516 0.009327 0.008721
1 0.368156 0.75436 0.009327 0.008721
1 0.368156 0.765807 0.009327 0.008721
1 0.367793 0.778161 0.009327 0.008721
1 0.190589 0.74246 0.005451 0.013626
1 0.269622 0.703398 0.005814 0.013626
1 0.261446 0.703398 0.005451 0.013626
1 0.209605 0.751908 0.005451 0.013626
1 0.245094 0.703034 0.005451 0.013626
1 0.253452 0.702852 0.005451 0.013626
1 0.201005 0.750999 0.005451 0.013626
0 0.24249 0.584938 0.008721 0.007812
0 0.305959 0.652162 0.008479 0.007812
0 0.289365 0.597475 0.00969 0.007812
1 0.220809 0.546602 0.010659 0.025254
4 0.152132 0.553416 0.013566 0.034884
0 0.098656 0.58403 0.016836 0.016533
0 0.173813 0.706759 0.008721 0.007267
0 0.070979 0.578307 0.008721 0.007267
0 0.106347 0.599201 0.008721 0.007267
0 0.106226 0.613554 0.008721 0.007267
0 0.129118 0.579578 0.008721 0.007267
0 0.151405 0.579942 0.008721 0.007267
0 0.133176 0.557776 0.005451 0.013081
0 0.111374 0.652253 0.005451 0.013081
0 0.10241 0.662972 0.005451 0.013081
0 0.111374 0.675509 0.005451 0.013081
0 0.137173 0.711483 0.005451 0.013081
0 0.193253 0.707667 0.005451 0.013081
0 0.195918 0.66915 0.005451 0.013081
0 0.218568 0.66915 0.005451 0.013081
0 0.196403 0.631177 0.005451 0.013081
0 0.08939 0.686319 0.016231 0.016533
1 0.106529 0.626726 0.009327 0.008176
1 0.151223 0.527344 0.009327 0.008176
1 0.323098 0.554869 0.009327 0.008721
1 0.157885 0.706486 0.009327 0.008176
1 0.108951 0.69395 0.009327 0.008176
1 0.211422 0.687954 0.009327 0.008176
1 0.289002 0.609738 0.00969 0.008721
1 0.331819 0.597838 0.009327 0.008176
1 0.131238 0.741824 0.005451 0.014535
1 0.292454 0.645621 0.005451 0.013626
1 0.26944 0.615007 0.006177 0.014535
1 0.271257 0.590207 0.005451 0.013626
1 0.226805 0.58839 0.005451 0.013626
1 0.145409 0.712028 0.005451 0.014535
1 0.128331 0.712209 0.005451 0.014535
1 0.119247 0.712028 0.005451 0.014535
1 0.110162 0.711937 0.005451 0.01508
1 0.099503 0.746639 0.005451 0.015443
3 0.288881 0.583848 0.014535 0.015443
1 0.115795 0.810956 0.013566 0.012173
4 0.238554 0.608557 0.017805 0.016533
4 0.431202 0.911973 0.0172 0.026708
1 0.457001 0.908975 0.027859 0.022892
3 0.435623 0.864281 0.011022 0.010174
1 0.432655 0.765988 0.00969 0.008721
1 0.461725 0.862464 0.00969 0.008721
1 0.653101 0.694222 0.00969 0.008721
1 0.475896 0.817406 0.00969 0.008721
1 0.422965 0.82431 0.00969 0.008721
1 0.45046 0.661519 0.005814 0.014535
1 0.450097 0.79742 0.005814 0.014535
1 0.458818 0.796875 0.005814 0.014535
1 0.468023 0.796875 0.005814 0.014535
1 0.427447 0.733648 0.005814 0.014535
1 0.763324 0.806504 0.005814 0.014535
1 0.546875 0.757086 0.005814 0.014535
1 0.71124 0.724746 0.005814 0.014535
1 0.720809 0.724746 0.005814 0.014535
1 0.730015 0.724201 0.005814 0.014535
1 0.73813 0.725291 0.005814 0.014535
1 0.699491 0.659884 0.005814 0.014535
1 0.773377 0.724927 0.005814 0.014535
1 0.782703 0.725109 0.005814 0.014535
1 0.797359 0.724927 0.005814 0.014535
1 0.805959 0.725472 0.005814 0.014535
1 0.780402 0.806686 0.005814 0.014535
1 0.574855 0.736192 0.005814 0.014535
1 0.84811 0.635356 0.005814 0.014535
1 0.444889 0.521076 0.005814 0.014535
1 0.671512 0.593387 0.005814 0.014535
1 0.502301 0.60556 0.005814 0.014535
1 0.491885 0.633903 0.005814 0.014535
1 0.475291 0.661519 0.005814 0.014535
1 0.466933 0.661519 0.005814 0.014535
1 0.458818 0.661519 0.005814 0.014535
1 0.458333 0.633539 0.005814 0.014535
1 0.4828 0.634084 0.005814 0.014535
1 0.474443 0.634084 0.005814 0.014535
1 0.466328 0.633539 0.005814 0.014535
1 0.848958 0.576672 0.005814 0.014535
1 0.748547 0.526708 0.005814 0.014535
1 0.768774 0.424782 0.005814 0.014535
1 0.444646 0.544876 0.005814 0.014535
1 0.739704 0.51835 0.005814 0.014535
1 0.760235 0.199491 0.006177 0.014535
1 0.750908 0.199491 0.006177 0.014535
1 0.623123 0.198583 0.006177 0.014535
1 0.613069 0.198038 0.006177 0.014535
1 0.692527 0.199673 0.006177 0.014535
1 0.632812 0.198583 0.006177 0.014535
1 0.740855 0.199491 0.006177 0.014535
1 0.702217 0.199673 0.006177 0.014535
1 0.681625 0.199128 0.006177 0.014535
1 0.671572 0.199128 0.006177 0.014535
1 0.642139 0.198583 0.006177 0.014535
1 0.661882 0.199128 0.006177 0.014535
1 0.652192 0.199128 0.006177 0.014535
1 0.731286 0.199673 0.006177 0.014535
1 0.72196 0.199673 0.006177 0.014535
1 0.71227 0.199673 0.006177 0.014535
1 0.55172 0.412518 0.00436 0.009629
1 0.528585 0.394713 0.00436 0.009629
1 0.538639 0.412518 0.00436 0.009629
1 0.484012 0.412155 0.00436 0.009629
1 0.470688 0.412155 0.00436 0.009629
1 0.477713 0.411791 0.00436 0.009629
1 0.501635 0.39435 0.003997 0.009629
1 0.490916 0.412518 0.00436 0.009629
1 0.494913 0.393623 0.00436 0.009629
1 0.522166 0.39435 0.00436 0.009629
1 0.5086 0.393986 0.00436 0.009629
1 0.515141 0.39435 0.00436 0.009629
1 0.545179 0.412518 0.00436 0.009629
1 0.531613 0.412518 0.00436 0.009629
1 0.504542 0.412155 0.004482 0.009629
1 0.497941 0.412518 0.00436 0.009629
1 0.524952 0.412518 0.00436 0.009629
1 0.511386 0.412155 0.00436 0.009629
1 0.518411 0.412155 0.00436 0.009629
1 0.476139 0.830487 0.00969 0.008721
1 0.594356 0.767987 0.00969 0.008721
1 0.635538 0.783794 0.00969 0.008721
1 0.671269 0.783975 0.00969 0.008721
1 0.65298 0.805596 0.00969 0.008721
1 0.635417 0.806504 0.00969 0.008721
1 0.670785 0.806141 0.00969 0.008721
1 0.65298 0.795422 0.00969 0.008721
1 0.635417 0.79524 0.00969 0.008721
1 0.671148 0.794876 0.00969 0.008721
1 0.653101 0.783975 0.00969 0.008721
1 0.653343 0.68314 0.00969 0.008721
1 0.63578 0.705305 0.00969 0.008721
1 0.671512 0.706032 0.00969 0.008721
1 0.653706 0.705487 0.00969 0.008721
1 0.63578 0.715843 0.00969 0.008721
1 0.671512 0.71657 0.00969 0.008721
1 0.653343 0.717115 0.00969 0.008721
1 0.63578 0.727834 0.00969 0.008721
1 0.671512 0.728016 0.00969 0.008721
1 0.653706 0.727471 0.00969 0.008721
1 0.635538 0.738917 0.00969 0.008721
1 0.671633 0.739099 0.00969 0.008721
1 0.653464 0.739099 0.00969 0.008721
1 0.635538 0.75 0.00969 0.008721
1 0.671633 0.750182 0.00969 0.008721
1 0.653464 0.750182 0.00969 0.008721
1 0.635174 0.761628 0.00969 0.008721
1 0.671269 0.76181 0.00969 0.008721
1 0.653101 0.76181 0.00969 0.008721
1 0.635538 0.772166 0.00969 0.008721
1 0.671269 0.772892 0.00969 0.008721
1 0.653101 0.772347 0.00969 0.008721
1 0.494731 0.688318 0.010053 0.009266
1 0.868399 0.772983 0.010053 0.009266
1 0.736495 0.641443 0.010053 0.009266
1 0.736131 0.626908 0.010053 0.009266
1 0.60132 0.708666 0.010053 0.009266
1 0.583152 0.708121 0.010053 0.009266
1 0.494489 0.701944 0.010053 0.009266
1 0.745821 0.699219 0.010053 0.009266
1 0.868762 0.725927 0.010053 0.009266
1 0.868278 0.741915 0.010053 0.009266
1 0.868399 0.756995 0.010053 0.009266
3 0.890383 0.751272 0.010659 0.025799
3 0.746124 0.686137 0.014535 0.013626
5 0.724261 0.666879 0.011022 0.035429
0 0.745942 0.665789 0.007146 0.020894
4 0.593871 0.739371 0.023983 0.031068
4 0.537185 0.718659 0.031734 0.048147
4 0.46554 0.733648 0.03985 0.045058
4 0.412548 0.737373 0.017442 0.015443
4 0.419574 0.796057 0.023014 0.01944
0 0.445191 0.8244 0.005208 0.012536
0 0.536882 0.757177 0.005208 0.012536
0 0.560138 0.715025 0.005208 0.012536
0 0.613917 0.747002 0.005208 0.012536
4 0.458939 0.8254 0.014293 0.021802
0 0.455487 0.684139 0.009084 0.008176
0 0.461785 0.844204 0.009084 0.008176
0 0.548874 0.790243 0.009084 0.008176
0 0.416122 0.766443 0.009084 0.008176
0 0.416485 0.714117 0.009084 0.008176
0 0.581516 0.609829 0.005814 0.013626
0 0.565407 0.609648 0.005814 0.013626
0 0.557049 0.609648 0.005814 0.013626
0 0.548934 0.609648 0.005814 0.013626
0 0.573522 0.609648 0.005814 0.013626
0 0.471778 0.608376 0.005814 0.013626
0 0.455305 0.608739 0.005814 0.013626
0 0.446948 0.608739 0.005814 0.013626
0 0.438832 0.608739 0.005814 0.013626
0 0.463421 0.608194 0.005814 0.013626
0 0.85774 0.576308 0.005451 0.014535
0 0.85774 0.636446 0.005451 0.014535
0 0.71439 0.585211 0.010659 0.024709
0 0.724019 0.581305 0.005451 0.01399
4 0.742248 0.587664 0.013324 0.035429
0 0.818072 0.583485 0.02689 0.031068
0 0.817345 0.643169 0.02689 0.031977
0 0.854591 0.507177 0.009327 0.008176
1 0.854591 0.493368 0.009327 0.009266
0 0.854227 0.539698 0.009327 0.008176
1 0.854227 0.526435 0.009327 0.009266
1 0.836906 0.539517 0.009327 0.009266
1 0.83727 0.526072 0.009327 0.009266
0 0.759024 0.582485 0.005451 0.014535
0 0.769804 0.52798 0.016836 0.017078
0 0.769198 0.512355 0.009084 0.007267
1 0.646923 0.560774 0.00969 0.009266
1 0.646923 0.547057 0.00969 0.008721
1 0.647287 0.533521 0.00969 0.009266
1 0.646923 0.52044 0.00969 0.009266
1 0.646923 0.506813 0.00969 0.009266
1 0.647287 0.493187 0.00969 0.009266
1 0.64765 0.480105 0.00969 0.009266
1 0.647287 0.465934 0.00969 0.009266
3 0.781977 0.194041 0.017442 0.015988
3 0.501332 0.091025 0.017442 0.015988
3 0.69828 0.143441 0.010659 0.025254
3 0.597263 0.085483 0.010659 0.025254
3 0.634932 0.085665 0.010659 0.025254
3 0.50109 0.144804 0.017442 0.015988
0 0.437621 0.220658 0.014293 0.012173
0 0.584605 0.221566 0.013929 0.011083
4 0.512112 0.286701 0.061773 0.163517
0 0.470627 0.285338 0.005208 0.01399
0 0.470385 0.356195 0.005208 0.01399
0 0.562076 0.238281 0.005208 0.01399
0 0.461422 0.237191 0.005208 0.01399
0 0.470506 0.237191 0.005208 0.01399
0 0.461422 0.260992 0.005208 0.01399
0 0.470506 0.260992 0.005208 0.01399
0 0.470264 0.308412 0.005208 0.01399
0 0.562076 0.2619 0.005208 0.01399
0 0.47087 0.213754 0.005208 0.01399
0 0.553355 0.214299 0.005208 0.01399
0 0.552992 0.237736 0.005208 0.01399
0 0.55275 0.285156 0.005208 0.01399
0 0.552992 0.2619 0.005208 0.01399
0 0.552992 0.308775 0.005208 0.01399
0 0.55275 0.356741 0.005208 0.01399
0 0.552628 0.33294 0.005208 0.01399
0 0.470385 0.332213 0.005208 0.01399
1 0.456698 0.320948 0.009327 0.009266
1 0.566073 0.322039 0.009327 0.009266
0 0.521378 0.194858 0.009084 0.008176
0 0.502968 0.194858 0.009084 0.008176
1 0.74782 0.357104 0.00969 0.008176
0 0.614947 0.386174 0.014293 0.011083
0 0.614826 0.549237 0.02689 0.031977
0 0.615431 0.413517 0.02689 0.031977
0 0.614826 0.515443 0.02689 0.031977
0 0.615068 0.481468 0.02689 0.031977
0 0.615068 0.446584 0.02689 0.031977
1 0.519743 0.166515 0.00969 0.009266
1 0.519743 0.15298 0.00969 0.008721
1 0.519743 0.138717 0.00969 0.009266
1 0.519743 0.126181 0.00969 0.009266
1 0.520107 0.112555 0.00969 0.009266
1 0.520107 0.098383 0.00969 0.009266
1 0.519743 0.085302 0.00969 0.009266
1 0.520107 0.071675 0.00969 0.009266
3 0.939377 0.289062 0.015867 0.015988
3 0.940346 0.230741 0.015867 0.015988
0 0.838784 0.424055 0.008721 0.008721
1 0.855317 0.4246 0.009084 0.008721
0 0.838421 0.41061 0.008721 0.008721
1 0.856044 0.381904 0.009084 0.008721
0 0.838299 0.395531 0.008721 0.008721
0 0.838663 0.380996 0.008721 0.008721
4 0.769622 0.47302 0.039486 0.059775
0 0.80711 0.490098 0.011022 0.023801
0 0.79524 0.484829 0.005451 0.013626
0 0.80711 0.458485 0.011022 0.023801
0 0.79524 0.461755 0.005451 0.013626
0 0.583273 0.45794 0.009084 0.007812
0 0.73819 0.466479 0.009084 0.007812
0 0.735102 0.451399 0.016231 0.016533
0 0.737585 0.47956 0.009084 0.007812
0 0.583273 0.444313 0.009084 0.007812
0 0.584787 0.432685 0.013566 0.012536
4 0.571645 0.507086 0.023619 0.018895
0 0.589632 0.5 0.007752 0.020349
0 0.51181 0.468296 0.005208 0.01399
0 0.587028 0.547693 0.005208 0.01399
0 0.552992 0.505541 0.005208 0.01399
0 0.514838 0.507177 0.005208 0.01399
0 0.501635 0.499546 0.005208 0.01399
0 0.486616 0.497002 0.005208 0.01399
0 0.424721 0.424873 0.009084 0.008176
0 0.573704 0.535156 0.009084 0.008176
0 0.573704 0.546784 0.009084 0.008176
0 0.501151 0.524073 0.009084 0.008176
0 0.479106 0.514807 0.009084 0.008176
1 0.424055 0.452489 0.00969 0.008176
1 0.424297 0.437954 0.00969 0.008176
0 0.438348 0.492369 0.016473 0.015988
1 0.735405 0.43532 0.009327 0.008721
4 0.074491 0.548692 0.01938 0.036337
2 0.098656 0.56141 0.016109 0.014535
2 0.089692 0.706395 0.016594 0.015262
2 0.233588 0.661791 0.016352 0.015807
2 0.357437 0.697039 0.015746 0.015807
4 0.407946 0.243914 0.019864 0.037246
2 0.438106 0.471657 0.015988 0.015262
2 0.700642 0.585574 0.010538 0.023619
2 0.769925 0.547783 0.016352 0.015262
2 0.819646 0.490461 0.010174 0.024891
