3 0.349625 0.240825 0.007873 0.021257
3 0.350594 0.206305 0.007873 0.021257
4 0.560804 0.106286 0.058624 0.123547
0 0.512597 0.084847 0.005572 0.013808
1 0.512597 0.161973 0.006298 0.015807
1 0.512234 0.124546 0.006298 0.015807
0 0.262355 0.383539 0.005572 0.013808
0 0.262112 0.278161 0.005572 0.013808
0 0.271802 0.278161 0.005572 0.013808
0 0.281977 0.27798 0.005572 0.013808
0 0.304869 0.332122 0.005572 0.013808
0 0.575703 0.522529 0.005572 0.013808
0 0.286943 0.384084 0.005572 0.013808
0 0.235041 0.311047 0.008842 0.008358
0 0.300872 0.368278 0.005572 0.013808
0 0.34375 0.373728 0.005572 0.013808
0 0.587209 0.522529 0.005572 0.013808
4 0.270228 0.331395 0.047481 0.071584
0 0.234859 0.344295 0.009205 0.008358
1 0.216994 0.359375 0.009569 0.009448
1 0.216994 0.334302 0.009569 0.009448
1 0.217357 0.321584 0.009569 0.009448
1 0.217357 0.309593 0.009569 0.009448
1 0.216994 0.347384 0.009569 0.009448
1 0.252422 0.402344 0.009932 0.008903
1 0.307776 0.350109 0.009932 0.008358
1 0.390262 0.305233 0.009932 0.008358
1 0.390262 0.320131 0.009932 0.008358
1 0.203912 0.394895 0.005935 0.015807
0 0.356286 0.370549 0.011507 0.025618
0 0.317406 0.372547 0.011507 0.025618
0 0.402556 0.378543 0.021439 0.040516
0 0.422299 0.397711 0.014172 0.012355
0 0.422299 0.361555 0.014172 0.012355
0 0.421936 0.379906 0.014172 0.012355
3 0.127544 0.40089 0.014535 0.0129
3 0.154554 0.40089 0.014535 0.0129
1 0.087815 0.440134 0.006298 0.014353
1 0.087815 0.41488 0.006298 0.014353
3 0.183018 0.484557 0.008236 0.022166
0 0.572674 0.399073 0.013808 0.0129
0 0.572674 0.362918 0.013808 0.0129
0 0.572674 0.381268 0.013808 0.0129
0 0.594901 0.380814 0.020712 0.041061
4 0.497638 0.488009 0.13142 0.200218
1 0.294634 0.490461 0.005935 0.015807
1 0.294271 0.468296 0.005935 0.015807
1 0.271863 0.490098 0.005935 0.015807
1 0.2715 0.467932 0.005935 0.015807
0 0.60235 0.522802 0.013808 0.01181
0 0.601986 0.488281 0.013808 0.01181
0 0.601986 0.470839 0.013808 0.01181
0 0.601986 0.454124 0.013808 0.01181
0 0.601986 0.505541 0.013808 0.01181
0 0.575703 0.499273 0.005572 0.013808
0 0.587209 0.499273 0.005572 0.013808
0 0.576066 0.476017 0.005572 0.013808
0 0.587209 0.476017 0.005572 0.013808
0 0.576066 0.453307 0.005572 0.013808
0 0.587209 0.453307 0.005572 0.013808
0 0.406977 0.520531 0.005572 0.013808
0 0.418484 0.521076 0.005572 0.013808
0 0.406977 0.49782 0.005572 0.013808
0 0.418484 0.498365 0.005572 0.013808
0 0.406977 0.474564 0.005572 0.013808
0 0.418484 0.475109 0.005572 0.013808
0 0.406977 0.451853 0.005572 0.013808
0 0.418484 0.452398 0.005572 0.013808
0 0.392078 0.521348 0.013808 0.01181
0 0.392442 0.486828 0.013808 0.01181
0 0.392442 0.469386 0.013808 0.01181
0 0.392442 0.452671 0.013808 0.01181
0 0.392078 0.504088 0.013808 0.01181
1 0.180596 0.603834 0.006298 0.015807
1 0.161943 0.604379 0.006298 0.015807
0 0.171148 0.604469 0.005572 0.013808
3 0.363493 0.620912 0.014535 0.013263
3 0.202035 0.620004 0.014535 0.013263
3 0.256056 0.619459 0.014535 0.013263
3 0.309714 0.620367 0.014535 0.013263
1 0.506601 0.607195 0.010538 0.009811
1 0.41382 0.547057 0.010538 0.009811
1 0.411519 0.566497 0.010538 0.009811
1 0.393108 0.568314 0.010538 0.009811
1 0.411519 0.580124 0.010538 0.009811
1 0.42563 0.568859 0.006541 0.014898
1 0.529191 0.607286 0.004118 0.009629
1 0.472384 0.608739 0.004118 0.009629
1 0.480015 0.608739 0.004118 0.009629
1 0.490673 0.609284 0.004118 0.009629
1 0.520712 0.607467 0.004118 0.009629
0 0.439741 0.622366 0.009084 0.008176
0 0.439741 0.594749 0.009084 0.008176
0 0.439862 0.608376 0.009084 0.008176
0 0.553961 0.622729 0.009084 0.008176
0 0.553961 0.595476 0.009084 0.008176
0 0.55384 0.609102 0.009084 0.008176
0 0.505814 0.811682 0.008479 0.007812
0 0.421027 0.710665 0.008479 0.007812
0 0.487161 0.811682 0.008479 0.007812
0 0.538578 0.792605 0.005208 0.01399
0 0.548147 0.720476 0.005208 0.01399
0 0.539184 0.671239 0.005208 0.01399
0 0.539184 0.64762 0.005208 0.01399
0 0.53882 0.719386 0.005208 0.01399
0 0.53882 0.695767 0.005208 0.01399
0 0.53882 0.768623 0.005208 0.01399
0 0.53882 0.744277 0.005208 0.01399
0 0.548026 0.768623 0.005208 0.01399
0 0.421027 0.725472 0.01405 0.011991
0 0.454518 0.79206 0.005208 0.01399
0 0.455124 0.671421 0.005208 0.01399
0 0.455124 0.647075 0.005208 0.01399
0 0.45476 0.719931 0.005208 0.01399
0 0.45476 0.695948 0.005208 0.01399
0 0.45476 0.768078 0.005208 0.01399
0 0.45476 0.743732 0.005208 0.01399
0 0.445676 0.719568 0.005208 0.01399
0 0.445555 0.768078 0.005208 0.01399
4 0.497032 0.720385 0.062621 0.163881
3 0.749758 0.373365 0.01405 0.012718
3 0.673692 0.372456 0.01405 0.012718
1 0.710392 0.575218 0.006298 0.015262
1 0.786034 0.759629 0.009327 0.008721
1 0.786034 0.74564 0.009327 0.008721
1 0.786034 0.732195 0.009327 0.008721
1 0.786277 0.718568 0.009327 0.008721
1 0.634024 0.759266 0.009327 0.008721
1 0.634024 0.745276 0.009327 0.008721
1 0.634024 0.731831 0.009327 0.008721
1 0.634024 0.718568 0.009327 0.008721
