4 0.2625 0.455417 0.17375 0.230833
3 0.985 0.26 0.0275 0.065
3 0.039688 0.057083 0.050625 0.039167
3 0.97875 0.7925 0.0275 0.065
3 0.98125 0.525833 0.0275 0.065
3 0.645312 0.887917 0.050625 0.039167
0 0.365312 0.22 0.055625 0.051667
0 0.360938 0.025417 0.054375 0.049167
0 0.131562 0.444583 0.028125 0.0225
0 0.131562 0.494583 0.029375 0.024167
0 0.265 0.282083 0.03 0.024167
0 0.394688 0.370417 0.029375 0.024167
0 0.132812 0.39625 0.028125 0.0225
0 0.39375 0.49375 0.03125 0.024167
0 0.355312 0.3025 0.029375 0.025
0 0.298438 0.62875 0.016875 0.039167
0 0.213438 0.62875 0.016875 0.039167
0 0.37 0.0875 0.03125 0.025
1 0.66 0.44875 0.03125 0.024167
1 0.604375 0.449583 0.03125 0.024167
1 0.6625 0.335417 0.03125 0.024167
1 0.605625 0.332917 0.03125 0.024167
1 0.441563 0.540417 0.018125 0.044167
1 0.939375 0.987917 0.03125 0.024167
1 0.21 0.714583 0.01875 0.044167
1 0.309688 0.267083 0.020625 0.044167
1 0.27 0.715417 0.01875 0.044167
1 0.301875 0.71625 0.01875 0.044167
1 0.33375 0.717083 0.01875 0.044167
1 0.240625 0.71625 0.01875 0.044167
1 0.423125 0.7825 0.03125 0.025
1 0.94 0.899167 0.03125 0.025
0 0.939688 0.942917 0.028125 0.0225
