4 0.345313 0.362083 0.568125 0.515833
0 0.349687 0.674583 0.043125 0.0325
0 0.259375 0.6775 0.0425 0.031667
0 0.617812 0.668333 0.043125 0.035
0 0.440625 0.67375 0.0425 0.0325
0 0.171875 0.679167 0.0425 0.031667
0 0.082187 0.68125 0.044375 0.0325
0 0.529375 0.670417 0.045 0.034167
0 0.687813 0.422917 0.024375 0.0575
0 0.685937 0.287083 0.024375 0.0575
0 0.3425 0.051667 0.0425 0.031667
0 0.2525 0.0525 0.0425 0.031667
0 0.609375 0.045 0.0425 0.031667
0 0.43125 0.04875 0.0425 0.0325
0 0.165 0.054167 0.0425 0.031667
0 0.07375 0.056667 0.0425 0.031667
0 0.521875 0.046667 0.0425 0.031667
0 0.351875 0.742083 0.04125 0.034167
0 0.53 0.737917 0.0425 0.0325
0 0.374063 0.924167 0.036875 0.086667
0 0.321562 0.925833 0.025625 0.06
