0 0.829375 0.827917 0.04625 0.034167
0 0.909062 0.332083 0.025625 0.059167
0 0.910937 0.21375 0.025625 0.059167
0 0.908438 0.094583 0.025625 0.059167
0 0.909062 0.449583 0.025625 0.059167
0 0.909062 0.57125 0.025625 0.059167
0 0.858437 0.212917 0.025625 0.059167
0 0.829375 0.692917 0.04625 0.034167
0 0.829375 0.76125 0.04625 0.034167
1 0.376563 0.225833 0.044375 0.035
0 0.828125 0.762917 0.04625 0.034167
0 0.828125 0.762917 0.04625 0.034167
1 0.378437 0.155833 0.044375 0.035
1 0.378437 0.088333 0.044375 0.035
1 0.379688 0.019167 0.044375 0.035
1 0.962812 0.7675 0.018125 0.04
