0 0.401562 0.257083 0.024375 0.059167
0 0.352812 0.37875 0.024375 0.059167
0 0.349687 0.139583 0.024375 0.059167
0 0.350938 0.25875 0.024375 0.059167
0 0.354063 0.497917 0.024375 0.059167
0 0.354687 0.614583 0.024375 0.059167
0 0.536875 0.229583 0.06375 0.0475
0 0.443437 0.87375 0.043125 0.034167
0 0.539062 0.299583 0.043125 0.034167
0 0.442188 0.739583 0.043125 0.034167
0 0.442188 0.805417 0.043125 0.034167
1 0.071875 0.82 0.04625 0.035
1 0.260937 0.807917 0.018125 0.044167
1 0.217812 0.809583 0.018125 0.044167
1 0.156562 0.805417 0.018125 0.044167
1 0.601562 0.940417 0.044375 0.034167
3 0.864062 0.735833 0.073125 0.05
