4 0.345313 0.241667 0.378125 0.355
3 0.096562 0.905833 0.028125 0.066667
0 0.525312 0.45375 0.031875 0.024167
0 0.465313 0.500417 0.031875 0.024167
0 0.40375 0.452917 0.03125 0.0225
0 0.16375 0.45125 0.03 0.0225
0 0.344375 0.497917 0.03 0.0225
0 0.2825 0.452917 0.03125 0.0225
0 0.22375 0.45125 0.03125 0.0225
0 0.526563 0.03125 0.031875 0.024167
0 0.466562 0.03125 0.031875 0.024167
0 0.40625 0.030417 0.03125 0.0225
0 0.16375 0.030417 0.03 0.0225
0 0.345 0.03125 0.03 0.024167
0 0.28375 0.030417 0.03125 0.0225
0 0.224375 0.029167 0.03125 0.021667
0 0.343125 0.452917 0.03 0.0225
0 0.465313 0.45375 0.031875 0.024167
0 0.35625 0.619167 0.02625 0.06
0 0.575625 0.28875 0.01875 0.0425
0 0.575625 0.197083 0.01875 0.0425
0 0.032188 0.528333 0.016875 0.045
0 0.067812 0.527083 0.018125 0.0425
0 0.100937 0.527083 0.018125 0.0425
0 0.320937 0.622083 0.018125 0.0425
1 0.064062 0.122083 0.021875 0.0175
0 0.320937 0.622083 0.018125 0.0425
1 0.066562 0.36375 0.021875 0.0175
1 0.064375 0.195833 0.02 0.04
1 0.065312 0.07875 0.021875 0.0175
1 0.069687 0.270417 0.021875 0.0175
1 0.067812 0.32375 0.021875 0.0175
