0 0.1325 0.111667 0.0575 0.04
0 0.131562 0.227917 0.058125 0.044167
0 0.24625 0.110417 0.05625 0.0425
0 0.247188 0.226667 0.058125 0.041667
0 0.361563 0.10875 0.059375 0.0425
0 0.360625 0.221667 0.0575 0.045
0 0.474375 0.11 0.0575 0.04
0 0.476562 0.22125 0.055625 0.044167
0 0.135625 0.369167 0.04875 0.116667
0 0.22 0.3675 0.04625 0.115
0 0.305 0.368333 0.045 0.111667
0 0.389062 0.366667 0.048125 0.116667
0 0.477187 0.36625 0.048125 0.1175
1 0.603125 0.1475 0.03 0.081667
1 0.713125 0.028333 0.06 0.041667
1 0.701562 0.170417 0.035625 0.079167
1 0.770625 0.172083 0.0375 0.0775
1 0.714688 0.355 0.033125 0.08
3 0.972812 0.643333 0.050625 0.133333
