0 0.48625 0.58875 0.02375 0.059167
0 0.01875 0.352917 0.02375 0.059167
0 0.48625 0.470417 0.02375 0.059167
0 0.01875 0.590417 0.02375 0.059167
0 0.019375 0.23125 0.02375 0.059167
0 0.0175 0.11375 0.02375 0.059167
0 0.01875 0.470417 0.02375 0.059167
0 0.5375 0.232083 0.02375 0.059167
0 0.48625 0.352083 0.02375 0.059167
0 0.486875 0.112917 0.02375 0.059167
0 0.486875 0.232917 0.02375 0.059167
0 0.673125 0.205417 0.065 0.0475
0 0.674375 0.27625 0.04125 0.0325
0 0.572812 0.714167 0.044375 0.035
0 0.572812 0.848333 0.044375 0.035
0 0.571562 0.779167 0.044375 0.035
1 0.649062 0.9725 0.024375 0.055
1 0.729375 0.9175 0.04625 0.031667
1 0.831875 0.975 0.04625 0.031667
1 0.729375 0.983333 0.04625 0.031667
1 0.286562 0.775 0.018125 0.041667
1 0.072188 0.7875 0.018125 0.041667
1 0.122188 0.7875 0.018125 0.041667
1 0.346562 0.780833 0.018125 0.041667
1 0.390313 0.780833 0.018125 0.041667
1 0.201875 0.789583 0.045 0.039167
