1 0.827187 0.53375 0.028125 0.0225
4 0.37625 0.424167 0.7375 0.848333
1 0.817187 0.112917 0.028125 0.0225
1 0.817187 0.177917 0.028125 0.0225
1 0.829063 0.397083 0.028125 0.0225
1 0.827187 0.477917 0.028125 0.0225
1 0.817813 0.284583 0.025625 0.0575
0 0.965625 0.0375 0.0425 0.03
0 0.972812 0.660833 0.043125 0.035
0 0.880313 0.775417 0.024375 0.059167
0 0.779687 0.779583 0.024375 0.059167
0 0.830313 0.777083 0.024375 0.059167
1 0.686875 0.884167 0.045 0.035
0 0.052187 0.929167 0.036875 0.091667
0 0.510312 0.947083 0.043125 0.0325
0 0.425938 0.947917 0.043125 0.0325
0 0.340313 0.949583 0.043125 0.0325
0 0.255937 0.950417 0.043125 0.0325
1 0.606875 0.973333 0.0225 0.05
