1 0.332813 0.06125 0.019375 0.0425
1 0.299063 0.06125 0.019375 0.0425
1 0.265313 0.06125 0.019375 0.0425
1 0.230313 0.060417 0.019375 0.0425
4 0.237813 0.741667 0.373125 0.341667
0 0.465313 0.785 0.018125 0.04
0 0.465313 0.694167 0.018125 0.04
0 0.418125 0.948333 0.03125 0.023333
0 0.120625 0.948333 0.03125 0.023333
0 0.356875 0.486667 0.03125 0.023333
0 0.236875 0.4875 0.03125 0.023333
0 0.17875 0.948333 0.03125 0.023333
0 0.061875 0.948333 0.03125 0.023333
0 0.29875 0.948333 0.03125 0.023333
0 0.35875 0.946667 0.03125 0.023333
0 0.24 0.948333 0.03125 0.023333
0 0.415 0.531667 0.03125 0.023333
0 0.11875 0.533333 0.03125 0.023333
0 0.178125 0.533333 0.03125 0.023333
0 0.05875 0.534167 0.03125 0.023333
0 0.29625 0.5325 0.03125 0.023333
0 0.356875 0.5325 0.03125 0.023333
0 0.2375 0.533333 0.03125 0.023333
