1 0.365938 0.850417 0.024375 0.059167
1 0.211562 0.84875 0.024375 0.059167
1 0.263437 0.84625 0.024375 0.059167
1 0.314063 0.844583 0.024375 0.059167
1 0.772813 0.05875 0.029375 0.024167
0 0.715938 0.24 0.025625 0.061667
0 0.820312 0.2375 0.025625 0.061667
0 0.768437 0.2375 0.025625 0.061667
0 0.171563 0.206667 0.044375 0.035
0 0.623437 0.1325 0.044375 0.035
0 0.532188 0.134167 0.044375 0.035
0 0.442812 0.135833 0.044375 0.035
0 0.352812 0.134167 0.044375 0.035
0 0.352812 0.204167 0.044375 0.035
0 0.262813 0.1375 0.044375 0.035
0 0.172813 0.1375 0.044375 0.035
0 0.082812 0.139167 0.044375 0.035
