0 0.120313 0.349583 0.036875 0.0875
0 0.190312 0.350417 0.033125 0.084167
0 0.258437 0.350833 0.036875 0.086667
0 0.188438 0.510833 0.139375 0.141667
0 0.72 0.462083 0.0425 0.034167
0 0.46375 0.463333 0.0425 0.03
0 0.549375 0.463333 0.0425 0.03
0 0.635 0.460833 0.0425 0.03
0 0.72 0.376667 0.0425 0.03
0 0.463125 0.375833 0.0425 0.03
0 0.54875 0.375833 0.0425 0.03
0 0.633125 0.376667 0.0425 0.03
0 0.719375 0.5675 0.03375 0.085
0 0.590625 0.57 0.03375 0.085
0 0.526875 0.568333 0.03375 0.085
0 0.46375 0.568333 0.03375 0.085
0 0.65375 0.57 0.03375 0.085
1 0.898438 0.562917 0.024375 0.0625
1 0.815312 0.40625 0.024375 0.0625
1 0.889687 0.425417 0.024375 0.0625
1 0.939688 0.424583 0.024375 0.0625
1 0.897813 0.31875 0.044375 0.0325
0 0.160312 0.846667 0.081875 0.075
0 0.17375 0.936667 0.0425 0.031667
