1 0.965938 0.343333 0.020625 0.015
1 0.969063 0.250833 0.020625 0.015
1 0.866563 0.740417 0.018125 0.0425
1 0.964063 0.103333 0.020625 0.015
1 0.967187 0.305 0.020625 0.015
1 0.963125 0.059167 0.0225 0.015
1 0.962812 0.175417 0.018125 0.0425
1 0.246562 0.75375 0.018125 0.0425
1 0.210313 0.755417 0.018125 0.0425
1 0.813438 0.634583 0.018125 0.0425
1 0.895938 0.64875 0.018125 0.0425
1 0.862187 0.647083 0.018125 0.0425
0 0.381875 0.985417 0.03125 0.024167
0 0.69125 0.672083 0.03125 0.024167
0 0.635 0.672083 0.03125 0.024167
0 0.57625 0.672083 0.03125 0.024167
0 0.74875 0.615417 0.03125 0.024167
0 0.69125 0.61375 0.03125 0.024167
0 0.635 0.61375 0.03125 0.024167
0 0.57625 0.61375 0.03125 0.024167
0 0.74875 0.672083 0.03125 0.024167
0 0.748437 0.744167 0.024375 0.06
0 0.576562 0.7425 0.024375 0.06
0 0.619062 0.744167 0.024375 0.06
0 0.439063 0.595 0.024375 0.06
0 0.347187 0.593333 0.024375 0.06
0 0.394062 0.595 0.024375 0.06
0 0.661563 0.744167 0.024375 0.06
0 0.704688 0.744167 0.024375 0.06
0 0.39375 0.705 0.09625 0.1
0 0.3725 0.926667 0.05625 0.051667
1 0.8675 0.577917 0.03 0.024167
0 0.931562 0.5075 0.016875 0.041667
0 0.966562 0.508333 0.018125 0.04
3 0.050313 0.952917 0.050625 0.039167
