0 0.327813 0.1375 0.015625 0.04
0 0.517813 0.940833 0.015625 0.04
0 0.330937 0.376667 0.015625 0.04
0 0.331562 0.455833 0.015625 0.04
0 0.363125 0.215833 0.01625 0.04
0 0.329688 0.298333 0.015625 0.04
0 0.017812 0.145 0.015625 0.04
0 0.017812 0.0675 0.015625 0.04
0 0.020938 0.385 0.015625 0.04
0 0.021562 0.463333 0.015625 0.04
0 0.019062 0.225 0.015625 0.04
0 0.019688 0.303333 0.015625 0.04
0 0.329375 0.216667 0.01625 0.04
0 0.474687 0.9425 0.015625 0.04
0 0.390625 0.628333 0.03 0.023333
0 0.453125 0.1975 0.045 0.031667
0 0.455 0.244167 0.03 0.023333
0 0.39125 0.5375 0.03 0.023333
0 0.390625 0.580833 0.03 0.023333
0 0.361563 0.0575 0.015625 0.04
0 0.327188 0.058333 0.015625 0.04
0 0.516563 0.864167 0.015625 0.04
0 0.475938 0.866667 0.015625 0.04
0 0.5725 0.97875 0.045 0.0325
0 0.57125 0.865417 0.045 0.0325
0 0.57125 0.922917 0.045 0.0325
3 0.872188 0.529583 0.049375 0.039167
3 0.672188 0.535417 0.049375 0.039167
1 0.145313 0.59375 0.031875 0.025833
1 0.200625 0.583333 0.0125 0.031667
1 0.26875 0.585 0.0125 0.031667
1 0.059375 0.593333 0.0125 0.031667
1 0.09125 0.593333 0.0125 0.031667
1 0.240625 0.585833 0.0125 0.031667
1 0.489063 0.782083 0.033125 0.024167
1 0.496563 0.67125 0.031875 0.024167
1 0.498437 0.717917 0.033125 0.024167
1 0.565937 0.707917 0.033125 0.024167
1 0.444063 0.710417 0.018125 0.044167
