0 0.509062 0.204583 0.018125 0.0425
0 0.507188 0.05375 0.018125 0.0425
0 0.508437 0.12875 0.018125 0.0425
0 0.467187 0.20375 0.018125 0.0425
0 0.464062 0.05375 0.018125 0.0425
0 0.465313 0.129583 0.018125 0.0425
0 0.56 0.032917 0.045 0.0325
0 0.455937 0.384583 0.045625 0.0325
0 0.45625 0.444583 0.045 0.0325
0 0.456562 0.50625 0.045625 0.0325
0 0.560312 0.08875 0.045625 0.0325
0 0.561875 0.145417 0.045 0.0325
0 0.562187 0.20125 0.045625 0.0325
0 0.534375 0.442917 0.0775 0.1275
0 0.702812 0.466667 0.038125 0.073333
0 0.893125 0.589167 0.0175 0.04
0 0.848437 0.456667 0.038125 0.076667
0 0.747812 0.454167 0.019375 0.04
0 0.90625 0.47 0.0175 0.04
0 0.956875 0.416667 0.0175 0.04
1 0.579375 0.637083 0.03 0.025833
1 0.57875 0.685417 0.03 0.025833
1 0.880625 0.532083 0.03 0.025833
0 0.980625 0.763333 0.01625 0.041667
3 0.730625 0.895 0.0275 0.066667
2 0.794375 0.45625 0.035 0.0775
1 0.92375 0.06625 0.0175 0.044167
1 0.922813 0.140417 0.019375 0.040833
