0 0.505938 0.47375 0.035625 0.0875
0 0.377188 0.47375 0.035625 0.0875
0 0.312188 0.47625 0.035625 0.0875
0 0.247188 0.477917 0.035625 0.0875
0 0.440937 0.47375 0.035625 0.0875
0 0.506563 0.668333 0.043125 0.031667
0 0.422187 0.67 0.043125 0.031667
0 0.337813 0.6725 0.043125 0.031667
0 0.252188 0.674167 0.043125 0.031667
0 0.506563 0.583333 0.043125 0.031667
0 0.420938 0.585 0.043125 0.031667
0 0.336562 0.5875 0.043125 0.031667
0 0.250937 0.589167 0.043125 0.031667
0 0.049063 0.704167 0.031875 0.085
0 0.88125 0.820417 0.0225 0.059167
0 0.780625 0.825417 0.0225 0.059167
0 0.830625 0.822917 0.0225 0.059167
0 0.975625 0.92625 0.04125 0.0325
