1 0.510938 0.110417 0.024375 0.0575
1 0.590313 0.05125 0.044375 0.0325
1 0.591562 0.11875 0.044375 0.0325
1 0.692813 0.105417 0.044375 0.0325
1 0.578438 0.21625 0.044375 0.0325
0 0.624687 0.68125 0.025625 0.059167
0 0.703125 0.510417 0.06375 0.0475
0 0.701875 0.427083 0.06375 0.0475
0 0.700625 0.34125 0.06375 0.0475
0 0.703125 0.59625 0.06375 0.0475
0 0.543125 0.95375 0.06375 0.0475
0 0.624687 0.567083 0.025625 0.059167
0 0.621563 0.455417 0.025625 0.059167
0 0.620313 0.34125 0.025625 0.059167
0 0.561562 0.68125 0.025625 0.059167
0 0.559063 0.56875 0.025625 0.059167
0 0.558438 0.457083 0.025625 0.059167
0 0.557187 0.342917 0.025625 0.059167
0 0.703125 0.679583 0.06375 0.0475
