0 0.74625 0.659167 0.02625 0.06
0 0.746875 0.546667 0.02625 0.06
0 0.745 0.4325 0.02625 0.06
0 0.745625 0.32 0.02625 0.06
0 0.681875 0.659167 0.02625 0.06
0 0.6825 0.546667 0.02625 0.06
0 0.681875 0.4325 0.02625 0.06
0 0.6825 0.32 0.02625 0.06
0 0.824375 0.660417 0.065 0.0475
0 0.82625 0.490417 0.065 0.0475
0 0.82625 0.40625 0.065 0.0475
0 0.82625 0.32125 0.065 0.0475
0 0.82625 0.575417 0.065 0.0475
0 0.662188 0.93125 0.065625 0.049167
1 0.638437 0.084583 0.028125 0.064167
1 0.718437 0.096667 0.046875 0.035
1 0.820937 0.083333 0.046875 0.035
1 0.718437 0.029167 0.046875 0.035
1 0.705313 0.1925 0.046875 0.035
