4 0.130312 0.607917 0.174375 0.2275
3 0.44625 0.093333 0.0275 0.066667
3 0.654375 0.364167 0.05125 0.036667
3 0.55375 0.366667 0.05125 0.036667
1 0.036875 0.160417 0.0175 0.0425
1 0.8 0.229583 0.0175 0.0425
1 0.8025 0.312083 0.0175 0.0425
1 0.329062 0.674583 0.033125 0.025833
1 0.327813 0.594583 0.033125 0.025833
1 0.326562 0.552083 0.033125 0.025833
1 0.194062 0.370417 0.033125 0.025833
1 0.328437 0.63375 0.033125 0.025833
1 0.326562 0.509583 0.033125 0.025833
0 0.018125 0.490417 0.0175 0.039167
0 0.09375 0.78125 0.0175 0.039167
0 0.068125 0.435417 0.0175 0.039167
0 0.15875 0.434583 0.0175 0.039167
0 0.15875 0.434583 0.0175 0.039167
0 0.16625 0.78125 0.0175 0.039167
0 0.128125 0.782083 0.0175 0.039167
1 0.37375 0.39125 0.0175 0.0425
1 0.036875 0.08625 0.0175 0.0425
1 0.123125 0.157917 0.0175 0.0425
1 0.12 0.084583 0.0175 0.0425
