0 0.284062 0.250833 0.093125 0.1
0 0.638125 0.205833 0.02625 0.06
0 0.330937 0.354167 0.024375 0.06
0 0.285938 0.353333 0.025625 0.06
0 0.241563 0.354583 0.025625 0.059167
0 0.59375 0.204167 0.02625 0.06
0 0.551875 0.204167 0.02625 0.06
0 0.50875 0.205 0.02625 0.06
0 0.465625 0.206667 0.02625 0.06
0 0.637188 0.337083 0.031875 0.024167
0 0.580937 0.33625 0.031875 0.024167
0 0.523438 0.337083 0.031875 0.024167
0 0.467187 0.337917 0.031875 0.024167
0 0.637188 0.279583 0.031875 0.024167
0 0.580937 0.279583 0.031875 0.024167
0 0.522813 0.280417 0.031875 0.024167
0 0.466562 0.280417 0.031875 0.024167
0 0.885625 0.4425 0.0175 0.041667
4 0.550312 0.702083 0.490625 0.595833
0 0.819375 0.444167 0.0175 0.041667
0 0.851875 0.444167 0.0175 0.041667
0 0.948438 0.9275 0.031875 0.023333
0 0.947187 0.514167 0.029375 0.023333
1 0.851562 0.843333 0.021875 0.018333
1 0.854062 0.7525 0.021875 0.018333
1 0.848125 0.677917 0.0175 0.044167
1 0.848437 0.605 0.021875 0.018333
1 0.848437 0.5625 0.021875 0.018333
1 0.852187 0.805833 0.021875 0.018333
