0 0.727812 0.543333 0.139375 0.151667
0 0.196563 0.6125 0.035625 0.086667
0 0.792813 0.386667 0.035625 0.086667
0 0.725938 0.385833 0.035625 0.086667
0 0.657188 0.388333 0.035625 0.086667
0 0.325313 0.615 0.035625 0.086667
0 0.390937 0.613333 0.035625 0.086667
0 0.456562 0.611667 0.035625 0.086667
0 0.262188 0.613333 0.035625 0.086667
0 0.454688 0.49875 0.044375 0.0325
0 0.368437 0.499167 0.044375 0.031667
0 0.282813 0.501667 0.044375 0.031667
0 0.196563 0.503333 0.044375 0.031667
0 0.452813 0.415 0.044375 0.031667
0 0.367812 0.415 0.044375 0.031667
0 0.282187 0.4175 0.044375 0.031667
0 0.195937 0.415833 0.044375 0.031667
